energy(#app_anut)<
@energy =
{0,97,0,0,0,0,0,0,0,0,0,0,0,0,0,0,0,0,0,0,0,0,0,0,0,0,0,0,0,0,0,0,0,0,0.0196158,0.00997086,0.0103211,0.0118332,0.00917263,0.008371,0.0100624,0.00716559,0.00900704,0.00455399,0.0074673,0.0112443,0.00982017,0.00554121,0.00728168,0.00946639,0.00584391,0.00748381,0.010353,0.00820656,0.00769396,0.00659325,0.0062245,0.00545464,0.00630908,0.00713962,0.00607437,0.00552244,0.00452698,0.00528897,0.00595878,0.00509382,0.00788024,0.0065393,0.0070879,0.00541147,0.00454034,0.00385271,0.00423791,0.00445551,0.00528559,0.00381992,0.00518021,0.0036657,0.00282876,0.00338181,0.00329162,0.003637,0.00337946,0.00256366,0.00260069,0.00228706,0.00270807,0.00195126,0.0014352,0.000863996,0.001312,0.000981151,0.000668008,0.000300251,0.000320067,0.000158807,8.5223e-05,0.000302326,0,0}:
{0,97,0,0,0,0,0,0,0,0,0,0,0,0,0,0,0,0,0,0,0,0,0,0,0,0,0,0,0,0,0,0,0,0,0.0307091,0.0326999,0.0294987,0.0289453,0.0266186,0.0211556,0.0278483,0.0215454,0.0208964,0.0182936,0.0208287,0.0207536,0.018116,0.0205306,0.0175575,0.0142791,0.0178636,0.0173391,0.0152598,0.0153306,0.0102362,0.0150301,0.014996,0.0127025,0.0139296,0.0136514,0.0118427,0.0143377,0.0121285,0.0127505,0.00921241,0.010565,0.0119743,0.0115775,0.0130003,0.00711258,0.0105007,0.00999136,0.0102314,0.00884413,0.00797855,0.00561205,0.00769618,0.00843762,0.00775829,0.00725132,0.00669797,0.00588223,0.0051545,0.0053722,0.00407245,0.00381739,0.00237558,0.00247701,0.00254257,0.00179679,0.00188224,0.00192269,0.000958737,0.000400079,0.000263619,2.74669e-05,8.5223e-05,0.000302326,0,0}:
{0,97,0,0,0,0,0,0,0,0,0,0,0,0,0,0,0,0,0,0,0,0,0,0,0,0,0,0,0,0,0,0,0,0,0.04711,0.047886,0.043371,0.0397179,0.0376705,0.034243,0.0383992,0.0310872,0.0331282,0.0298526,0.0225121,0.0311248,0.0262833,0.0225994,0.0230427,0.0266897,0.0182316,0.0210115,0.0221123,0.0208417,0.0188235,0.0224077,0.018966,0.0207638,0.0170142,0.0141497,0.0248575,0.0144282,0.0137928,0.0149456,0.0150798,0.0116259,0.0126771,0.0107389,0.00954629,0.0107357,0.0110266,0.0110759,0.00808728,0.0098639,0.0101817,0.00886826,0.0108333,0.0105996,0.0109674,0.00920212,0.00987486,0.00796261,0.00746968,0.00634356,0.00519483,0.00422591,0.00353861,0.0030294,0.00334503,0.00266325,0.00289792,0.00270271,0.00125188,0.000712909,0.00036266,0.00017641,9.32273e-05,0.000302326,0,0}:
{0,97,0,0,0,0,0,0,0,0,0,0,0,0,0,0,0,0,0,0,0,0,0,0,0,0,0,0,0,0,0,0,0,0,0.0528867,0.0542797,0.0512262,0.0491024,0.0361804,0.0461359,0.0402853,0.0330763,0.0361744,0.0327072,0.034803,0.0289534,0.0305081,0.0278499,0.025002,0.0235961,0.0274698,0.0223684,0.023121,0.0220631,0.0247273,0.0196956,0.019486,0.0252942,0.0202003,0.0230633,0.0186238,0.0166613,0.0164048,0.0184269,0.0158793,0.0181918,0.0144812,0.0113135,0.0162498,0.0154369,0.0134982,0.00958982,0.0125368,0.0129134,0.0102151,0.0125199,0.0098725,0.0131591,0.00862011,0.00973953,0.00835424,0.00848634,0.00954331,0.00689557,0.00627873,0.00637399,0.00499073,0.00450605,0.00359294,0.00368784,0.00320516,0.00195114,0.00162788,0.000911797,0.000350052,0.000245077,0.00030809,0.000231718,0,0}:
{0,97,0,0,0,0,0,0,0,0,0,0,0,0,0,0,0,0,0,0,0,0,0,0,0,0,0,0,0,0,0,0,0,0,0.0612252,0.0569375,0.0507891,0.0516586,0.0442298,0.0455881,0.0405394,0.045824,0.0407189,0.040081,0.0314253,0.0306067,0.032241,0.029631,0.0319724,0.0282381,0.0276045,0.0274993,0.029677,0.0267323,0.0235286,0.0234857,0.0251375,0.0192084,0.0276268,0.023379,0.0198191,0.0207104,0.0187787,0.017687,0.0174425,0.0178144,0.0185201,0.0172782,0.0142485,0.0135304,0.0143043,0.0148628,0.0151893,0.0148427,0.0106748,0.014275,0.0118307,0.0121212,0.0105903,0.010163,0.0117105,0.0112052,0.0101011,0.00851272,0.00761966,0.00551054,0.00557878,0.00510694,0.00413762,0.0032409,0.00336029,0.00319481,0.00174107,0.000949449,0.000446597,0.000407754,0.00017845,0,0,0}:
{0,97,0,0,0,0,0,0,0,0,0,0,0,0,0,0,0,0,0,0,0,0,0,0,0,0,0,0,0,0,0,0,0,0,0.0725025,0.0488702,0.0547456,0.0536724,0.0477828,0.051686,0.0477547,0.0398331,0.0403267,0.0414924,0.0354329,0.0350776,0.0348473,0.0358108,0.0310046,0.032363,0.0266385,0.0280482,0.0309823,0.0324501,0.0236539,0.0271386,0.0272705,0.0244807,0.0229351,0.0238973,0.0270887,0.0219832,0.0186569,0.0206918,0.0213683,0.0254449,0.0175842,0.0171212,0.0222627,0.0204838,0.0181614,0.0154108,0.0143652,0.0161819,0.0134012,0.0134572,0.017602,0.0149267,0.0132525,0.0128614,0.0100574,0.00925737,0.0127544,0.00954058,0.00781517,0.00679475,0.00594366,0.00487359,0.00433793,0.00396021,0.0045584,0.00320346,0.00205486,0.000938899,0.000588231,0.00044296,0.00042172,7.06077e-05,0,0}:
{0,97,0,0,0,0,0,0,0,0,0,0,0,0,0,0,0,0,0,0,0,0,0,0,0,0,0,0,0,0,0,0,0,0,0.0520496,0.0515572,0.0576486,0.0527487,0.0542171,0.0508148,0.0530481,0.0494051,0.046109,0.0420368,0.0444703,0.0367134,0.0477648,0.0338573,0.0359724,0.0400001,0.0308493,0.0303146,0.028784,0.0280554,0.0266428,0.0343567,0.0272859,0.0240641,0.028655,0.0261366,0.0251705,0.0240903,0.0204465,0.0243161,0.0205688,0.0246865,0.0195502,0.0216314,0.0202837,0.0175368,0.0174592,0.0210163,0.0172136,0.0144381,0.0173813,0.0162388,0.0123885,0.0155556,0.0154545,0.0140326,0.0156081,0.0120086,0.0126779,0.0104302,0.00850043,0.00809476,0.00667793,0.00511221,0.00503037,0.00344147,0.00432572,0.00390731,0.00241534,0.00122972,0.000472037,0.000348951,0.000320489,0,0,0}:
{0,97,0,0,0,0,0,0,0,0,0,0,0,0,0,0,0,0,0,0,0,0,0,0,0,0,0,0,0,0,0,0,0,0,0.0588979,0.0426707,0.0617528,0.0672993,0.0493576,0.0488072,0.0541003,0.0517847,0.0437331,0.0437045,0.0344275,0.0418654,0.0330376,0.0363086,0.0358735,0.0333285,0.0357781,0.0295592,0.0292973,0.026939,0.0321353,0.0294198,0.0300791,0.0266904,0.0243673,0.0242695,0.0254962,0.0281003,0.0246682,0.0240334,0.0279241,0.0191612,0.0231194,0.0213174,0.0220739,0.024456,0.017582,0.0203991,0.0172483,0.0172836,0.0163499,0.021967,0.0171108,0.0151581,0.0150709,0.011562,0.0165405,0.0142861,0.0140016,0.0118861,0.00868665,0.00847904,0.00624263,0.00567421,0.00616512,0.00455183,0.00414328,0.00358231,0.0026126,0.00117949,0.00065956,0.000490155,0.000300085,7.06077e-05,0.000178897,0}:
{0,97,0,0,0,0,0,0,0,0,0,0,0,0,0,0,0,0,0,0,0,0,0,0,0,0,0,0,0,0,0,0,0,0,0.0570812,0.0539203,0.0571797,0.056908,0.0608168,0.0574605,0.0433149,0.0423283,0.0434726,0.0439783,0.047145,0.0383668,0.0412818,0.0364351,0.0378328,0.032381,0.0321982,0.0350881,0.0313946,0.0302883,0.0305057,0.032266,0.0294001,0.0253334,0.0305172,0.0253956,0.0220895,0.0229239,0.0303548,0.0284011,0.0302151,0.0299298,0.0236603,0.0185912,0.0222314,0.0194775,0.0195624,0.0164476,0.0185841,0.0213647,0.0204335,0.0172098,0.0170442,0.0161486,0.0172044,0.0184219,0.0182291,0.0188089,0.0145145,0.0113653,0.00963781,0.00925537,0.00763086,0.00735757,0.00591769,0.00550408,0.00527831,0.00423539,0.00264938,0.0012956,0.000520421,0.000580295,5.68153e-05,7.06077e-05,0,0}:
{0,97,0,0,0,0,0,0,0,0,0,0,0,0,0,0,0,0,0,0,0,0,0,0,0,0,0,0,0,0,0,0,0,0,0.051162,0.0551343,0.0600827,0.0506517,0.0521765,0.0434851,0.0395623,0.0484901,0.0469401,0.0454673,0.0424456,0.0389344,0.0373282,0.0404053,0.0373474,0.038918,0.0417896,0.0332163,0.0407242,0.0313862,0.0320452,0.0299571,0.0294531,0.0294795,0.0279992,0.0301664,0.0332739,0.0214826,0.0248094,0.0241416,0.0240018,0.019559,0.0228828,0.0299203,0.0208637,0.0212505,0.0241564,0.021849,0.0176178,0.0171833,0.0204637,0.0211459,0.0168593,0.0194999,0.0171896,0.0107005,0.0180789,0.0197417,0.0162048,0.0134633,0.0106725,0.0088519,0.00837165,0.00733525,0.00636271,0.00535746,0.00506801,0.00389615,0.00287222,0.00158097,0.000749512,0.000531355,0.000450128,7.06077e-05,0.000587097,0}:
{0,97,0,0,0,0,0,0,0,0,0,0,0,0,0,0,0,0,0,0,0,0,0,0,0,0,0,0,0,0,0,0,0,0,0.0492533,0.0542797,0.0564157,0.0419224,0.0574252,0.0468743,0.0470675,0.0459095,0.0457345,0.0423421,0.0410927,0.0465953,0.0424751,0.0367717,0.0355365,0.036826,0.0301856,0.0363772,0.036233,0.0376834,0.034118,0.0283573,0.0321437,0.0299157,0.026637,0.0284489,0.0243171,0.0263038,0.0296576,0.0289507,0.0242204,0.0209021,0.0248488,0.0232585,0.0270755,0.0232597,0.0246286,0.0185328,0.0248239,0.0221287,0.0158082,0.0208581,0.0168776,0.0213327,0.0214385,0.0194293,0.0166407,0.0145334,0.0155127,0.0132157,0.0123562,0.0101526,0.00902403,0.00680037,0.00728506,0.00601788,0.00599221,0.0040719,0.00282373,0.00123342,0.000862186,0.000417618,0.00042172,0.000141215,0.000178897,0}:
{0,97,0,0,0,0,0,0,0,0,0,0,0,0,0,0,0,0,0,0,0,0,0,0,0,0,0,0,0,0,0,0,0,0,0.0577758,0.0658239,0.0502884,0.0479048,0.0499705,0.0524244,0.0467418,0.050238,0.0474288,0.0441396,0.0413751,0.0406982,0.0421411,0.0401034,0.0371206,0.0385386,0.0326828,0.037148,0.034812,0.0342171,0.0336235,0.0366002,0.0337345,0.0306057,0.0250264,0.031223,0.0276396,0.0295772,0.0268496,0.0263839,0.0251114,0.0244418,0.0228667,0.0212829,0.0207598,0.0250105,0.0258532,0.0200666,0.017002,0.0179958,0.0183825,0.0197676,0.0161683,0.0203422,0.0172076,0.0173326,0.0180142,0.0162194,0.0153429,0.0132727,0.0119515,0.0107941,0.00912727,0.00832599,0.00610048,0.0064459,0.00541157,0.00496769,0.00340965,0.0016546,0.00101188,0.000448954,2.84077e-05,0.000302326,0.000587097,0}:
{0,97,0,0,0,0,0,0,0,0,0,0,0,0,0,0,0,0,0,0,0,0,0,0,0,0,0,0,0,0,0,0,0,0,0.0569387,0.0531305,0.046769,0.0628662,0.0425744,0.0436926,0.0526866,0.0409006,0.0385359,0.0382549,0.0419088,0.041947,0.0440622,0.0400055,0.0373793,0.0434976,0.043886,0.0337127,0.0376508,0.0403789,0.0278222,0.0272793,0.030736,0.0293364,0.0255388,0.0290768,0.0371922,0.024937,0.0245976,0.0276612,0.0289065,0.026108,0.0221995,0.0257741,0.0246864,0.0244748,0.0251734,0.0218342,0.0222409,0.0210269,0.0204486,0.017516,0.0191206,0.0217628,0.0209603,0.022893,0.0196204,0.0195946,0.0171176,0.013128,0.0108487,0.00958017,0.00873698,0.00667145,0.00790522,0.00565779,0.00552191,0.00487172,0.00346209,0.00162701,0.00108673,0.000629234,0.000450128,7.06077e-05,0.000587097,0}:
{0,97,0,0,0,0,0,0,0,0,0,0,0,0,0,0,0,0,0,0,0,0,0,0,0,0,0,0,0,0,0,0,0,0,0.0492533,0.047886,0.0465056,0.0447767,0.04572,0.0434477,0.0414646,0.0482187,0.0417285,0.0409623,0.0416124,0.0424475,0.0361662,0.0381326,0.0352108,0.0361741,0.0370432,0.0293558,0.0417802,0.0304425,0.0287156,0.0309321,0.0335789,0.0296976,0.0277701,0.0278941,0.0247733,0.0267724,0.0309654,0.0282964,0.0276175,0.029532,0.0255356,0.0259156,0.0234606,0.0258953,0.0200726,0.024785,0.0225913,0.0236869,0.0176888,0.0256826,0.0220396,0.0259059,0.0150383,0.0201272,0.0206029,0.0198564,0.0162079,0.0157745,0.0123666,0.0102049,0.00963705,0.00833824,0.00772785,0.00600992,0.0058764,0.00544864,0.00318494,0.00152515,0.000962252,0.000337342,0.000543355,0,0,0.00148726}:
{0,97,0,0,0,0,0,0,0,0,0,0,0,0,0,0,0,0,0,0,0,0,0,0,0,0,0,0,0,0,0,0,0,0,0.0377414,0.0474911,0.0390875,0.0390386,0.0444537,0.0496203,0.0418977,0.0373378,0.0395133,0.0365064,0.0409825,0.037345,0.0362776,0.0360985,0.036798,0.0337652,0.0329818,0.0360317,0.0307509,0.03542,0.0290951,0.0307227,0.0300416,0.0351487,0.031173,0.0291333,0.028978,0.0241808,0.0239357,0.0291602,0.0254538,0.0263938,0.0255,0.023048,0.023883,0.0223219,0.0195468,0.0197671,0.0212209,0.0166901,0.0214499,0.0226839,0.0188508,0.0189394,0.0215544,0.0180657,0.017426,0.0189383,0.018056,0.0151347,0.012245,0.0101254,0.00951669,0.00954434,0.00704528,0.00600197,0.00525645,0.00546844,0.00338081,0.00170916,0.000768937,0.000527485,0.000336497,0.000302326,0,0}:
{0,97,0,0,0,0,0,0,0,0,0,0,0,0,0,0,0,0,0,0,0,0,0,0,0,0,0,0,0,0,0,0,0,0,0.0416094,0.0337488,0.031406,0.0375672,0.0343414,0.0422737,0.034575,0.0425143,0.0383575,0.0433992,0.0357944,0.0394845,0.0338453,0.039525,0.0333824,0.0382037,0.0337655,0.0328217,0.0335929,0.0303222,0.0313319,0.0327757,0.0266821,0.0343871,0.0280918,0.0309639,0.0272746,0.0334807,0.0259372,0.0282108,0.0258554,0.0304229,0.0254644,0.0253031,0.0214246,0.0248393,0.0208441,0.0263551,0.0199042,0.0187933,0.0217692,0.017856,0.0239794,0.0189899,0.0179682,0.0200807,0.0176878,0.0172846,0.0183389,0.0161234,0.0140742,0.0110422,0.0101277,0.00829718,0.00707808,0.00676514,0.00530316,0.00541406,0.00367527,0.00179131,0.00087377,0.000378542,0.000563758,0.000443541,0.000178897,0}:
{0,97,0,0,0,0,0,0,0,0,0,0,0,0,0,0,0,0,0,0,0,0,0,0,0,0,0,0,0,0,0,0,0,0,0.0351796,0.0305018,0.0344827,0.0293803,0.0318088,0.038636,0.0362983,0.0397108,0.0384218,0.0435432,0.0394885,0.0334098,0.0356267,0.0345938,0.0276384,0.0329968,0.0339298,0.0336788,0.0308992,0.0337207,0.0324725,0.0324255,0.0301288,0.0280509,0.035639,0.0315717,0.0293591,0.0313771,0.0271549,0.0292177,0.0243836,0.0251797,0.0242012,0.0232585,0.0257044,0.0210571,0.0256802,0.0254351,0.0249471,0.0200806,0.0175701,0.022206,0.0206059,0.0183643,0.0248647,0.0208604,0.0173937,0.0183321,0.0186529,0.0155884,0.0122835,0.0116899,0.0106158,0.00866905,0.00812797,0.0078985,0.0062776,0.0058752,0.00384069,0.00167724,0.00118225,0.000462688,0.00024327,0.000765761,0,0}:
{0,97,0,0,0,0,0,0,0,0,0,0,0,0,0,0,0,0,0,0,0,0,0,0,0,0,0,0,0,0,0,0,0,0,0.0369043,0.0406022,0.0240458,0.0352553,0.0418182,0.0394118,0.03307,0.0306968,0.0392207,0.0386062,0.0343964,0.0371675,0.0338797,0.0366911,0.04194,0.0312332,0.0404079,0.0298183,0.0281908,0.0342849,0.0342821,0.0350347,0.0305616,0.0297887,0.0303581,0.030243,0.0272031,0.0236411,0.0257219,0.029729,0.0283418,0.0257475,0.0268505,0.0227339,0.0237065,0.0300232,0.0239298,0.0254351,0.0249314,0.0221136,0.0219731,0.0244054,0.0205392,0.0218459,0.0183812,0.0207641,0.0210441,0.0244585,0.0174811,0.0158653,0.0130531,0.0112995,0.0106703,0.00885174,0.00847555,0.00674074,0.00677028,0.00668925,0.00368306,0.00152795,0.00118101,0.000576425,0.000442124,0.000302326,0,0}:
{0,97,0,0,0,0,0,0,0,0,0,0,0,0,0,0,0,0,0,0,0,0,0,0,0,0,0,0,0,0,0,0,0,0,0.0248819,0.0365361,0.0271543,0.0289453,0.0333796,0.0296593,0.0257993,0.0351962,0.0327858,0.0339889,0.0343003,0.0358867,0.0410136,0.0376378,0.0341584,0.0287045,0.0391428,0.0351034,0.0331122,0.0344949,0.0273243,0.0304978,0.0282045,0.030368,0.0274711,0.0287081,0.0262226,0.0316292,0.0262231,0.0256789,0.0283418,0.0273763,0.0285443,0.0287487,0.0227577,0.0234873,0.0232309,0.0238025,0.0238767,0.0240279,0.0195025,0.0203313,0.0231702,0.0210036,0.0187615,0.0215759,0.0208647,0.0191678,0.0176596,0.0160563,0.0130123,0.0115962,0.0108046,0.0103673,0.00830534,0.00712383,0.00667333,0.00665828,0.00386188,0.00188898,0.00126289,0.00101939,0.000328493,0.000282431,0,0}:
{0,97,0,0,0,0,0,0,0,0,0,0,0,0,0,0,0,0,0,0,0,0,0,0,0,0,0,0,0,0,0,0,0,0,0.0205954,0.0208255,0.0314639,0.0262522,0.0281712,0.0307005,0.0302587,0.0320726,0.0343017,0.0341012,0.0353227,0.0302661,0.0379132,0.0318722,0.0344027,0.0305994,0.0302513,0.0273977,0.031261,0.028191,0.0361748,0.0321165,0.0285688,0.0312369,0.0293299,0.0296681,0.0273104,0.0269145,0.0214843,0.0251327,0.0268539,0.0254449,0.0291243,0.0266696,0.0239523,0.0281321,0.024997,0.0236347,0.0244041,0.0254156,0.0182153,0.0186923,0.0240826,0.0208733,0.018298,0.0205394,0.0223061,0.0195121,0.0183416,0.017369,0.014524,0.0115448,0.0102923,0.00960122,0.00893315,0.00775382,0.0072515,0.00570306,0.00370466,0.00200229,0.0011684,0.00101939,0.000543355,0.000836369,0.000587097,0}:
{0,97,0,0,0,0,0,0,0,0,0,0,0,0,0,0,0,0,0,0,0,0,0,0,0,0,0,0,0,0,0,0,0,0,0.021667,0.0237779,0.0236927,0.0264428,0.0309901,0.0295266,0.0291904,0.0334635,0.0325752,0.0286342,0.030434,0.034414,0.0256639,0.0351202,0.0368939,0.0283876,0.0331642,0.0275179,0.0325989,0.0272134,0.0319905,0.0263918,0.0259722,0.0308561,0.0286584,0.028688,0.0276003,0.0259062,0.0274568,0.0221053,0.0250397,0.0262406,0.0245962,0.0278912,0.0282857,0.0283067,0.0241062,0.0276371,0.021521,0.0239426,0.02543,0.0226502,0.0216183,0.0233822,0.0217536,0.0213481,0.0153964,0.0175465,0.0177742,0.0170759,0.0141047,0.0124358,0.0108545,0.00994164,0.0082079,0.00901735,0.00765323,0.00715597,0.00427246,0.00176728,0.000797896,0.000676429,0.00042172,0.000514149,0.000587097,0}:
{0,97,0,0,0,0,0,0,0,0,0,0,0,0,0,0,0,0,0,0,0,0,0,0,0,0,0,0,0,0,0,0,0,0,0.0177071,0.011774,0.0214641,0.0242384,0.0275804,0.0263075,0.0310211,0.0298488,0.0310095,0.0284586,0.0289089,0.0345739,0.0271254,0.028716,0.0336091,0.0353761,0.0341303,0.0251498,0.027301,0.0243638,0.0312932,0.0258357,0.032296,0.0279598,0.0230242,0.0273192,0.0300497,0.028986,0.0296929,0.0225344,0.0214042,0.0223404,0.0221283,0.0332244,0.0273906,0.0262941,0.0227207,0.0211512,0.0259133,0.0242469,0.0196211,0.0218997,0.0245555,0.0204579,0.0189754,0.0225192,0.0175731,0.0235759,0.0193809,0.0162217,0.0151174,0.0119529,0.0108091,0.0111237,0.00928788,0.007887,0.00731267,0.0065425,0.00450277,0.00210009,0.00139067,0.000717629,0.00079102,7.06077e-05,0.000178897,0.00148726}:
{0,97,0,0,0,0,0,0,0,0,0,0,0,0,0,0,0,0,0,0,0,0,0,0,0,0,0,0,0,0,0,0,0,0,0.0157984,0.022564,0.0216696,0.014717,0.0264754,0.0259093,0.02462,0.0237021,0.0289904,0.0259727,0.026819,0.0214172,0.0292065,0.0255771,0.031554,0.0294188,0.0331133,0.0318256,0.027992,0.0287399,0.0329033,0.0309664,0.024219,0.0269085,0.0314912,0.0230103,0.0278151,0.0297227,0.0233639,0.0309837,0.0279241,0.0216231,0.0255516,0.0226805,0.0237065,0.0248205,0.019827,0.0268521,0.0226641,0.0234678,0.0261053,0.0190877,0.0243857,0.0223738,0.0171717,0.0220459,0.0238444,0.0181349,0.0177533,0.0154565,0.0147876,0.0133503,0.0113296,0.00992987,0.00925285,0.00898145,0.00787991,0.00728903,0.00432703,0.00250332,0.00102801,0.00080003,0.000778621,7.06077e-05,0,0}:
{0,97,0,0,0,0,0,0,0,0,0,0,0,0,0,0,0,0,0,0,0,0,0,0,0,0,0,0,0,0,0,0,0,0,0.00913408,0.011774,0.0162746,0.014717,0.021021,0.0162691,0.0235875,0.0250444,0.0241709,0.0224124,0.0276351,0.0281091,0.0255211,0.0237991,0.027589,0.0281544,0.026788,0.0313293,0.0207271,0.0274879,0.0226705,0.0269137,0.0225872,0.0289198,0.0282509,0.0225321,0.0286327,0.0262878,0.0277974,0.0225851,0.0268897,0.0311982,0.0252829,0.0239055,0.024425,0.0196178,0.024786,0.0225682,0.0237188,0.0256346,0.0223626,0.0213696,0.0234399,0.0181476,0.0173382,0.0193331,0.0218148,0.0184469,0.0197459,0.0157922,0.0145245,0.0148151,0.0108979,0.0111028,0.00909793,0.00795192,0.00696418,0.0063673,0.00460996,0.00200802,0.00136421,0.00117819,0.000535351,0.000514149,0,0}:
{0,97,0,0,0,0,0,0,0,0,0,0,0,0,0,0,0,0,0,0,0,0,0,0,0,0,0,0,0,0,0,0,0,0,0.00633775,0.0170541,0.0149838,0.0153426,0.016466,0.0175757,0.0231347,0.0202551,0.0257335,0.0241926,0.020295,0.0242379,0.0264574,0.023238,0.0256967,0.0219311,0.0222929,0.0282887,0.0223437,0.0308339,0.026032,0.0228077,0.0291606,0.0287179,0.0213561,0.0255453,0.030082,0.0297032,0.0254359,0.0295702,0.0243836,0.0234014,0.021027,0.0229444,0.0243557,0.0235558,0.0254692,0.0213519,0.0302554,0.0236567,0.0254969,0.0220865,0.0181415,0.022276,0.023376,0.0222272,0.0206029,0.0189884,0.0181191,0.0163333,0.0165291,0.0139577,0.0129496,0.0115446,0.0100953,0.00847615,0.00804896,0.00716713,0.00484206,0.00231945,0.00134808,0.00103911,0.000271678,0.000302326,0.000178897,0}:
{0,97,0,0,0,0,0,0,0,0,0,0,0,0,0,0,0,0,0,0,0,0,0,0,0,0,0,0,0,0,0,0,0,0,0.00535813,0.00701846,0.0102632,0.0107726,0.013034,0.0152652,0.0168249,0.0200355,0.0154243,0.0228935,0.0251046,0.0225205,0.0211505,0.0230942,0.025339,0.0270395,0.0230914,0.0243604,0.021537,0.0221495,0.0261574,0.0192081,0.0252932,0.0236637,0.030164,0.0241199,0.024428,0.0241098,0.0301941,0.0252025,0.0229315,0.0166619,0.0219825,0.0248165,0.0227421,0.0198796,0.0221067,0.0267863,0.0225757,0.0239092,0.0224629,0.0197676,0.0190873,0.0198648,0.0223004,0.0251999,0.0175908,0.0225284,0.0188672,0.0179233,0.015638,0.0123979,0.0126011,0.0106863,0.0100625,0.00950922,0.00815384,0.00676038,0.004656,0.00236269,0.00161851,0.00109405,0.000442124,0.000443541,0.000357793,0}:
{0,97,0,0,0,0,0,0,0,0,0,0,0,0,0,0,0,0,0,0,0,0,0,0,0,0,0,0,0,0,0,0,0,0,0.00568467,0.00898672,0.00938331,0.0122682,0.0104389,0.00863645,0.0135805,0.0177933,0.0139583,0.0177809,0.0211281,0.0170455,0.0203084,0.0220526,0.0230746,0.0230789,0.0237404,0.0262136,0.0241445,0.0223901,0.0251193,0.0268228,0.0224161,0.0227232,0.0299314,0.02512,0.0223043,0.0265169,0.0213396,0.0251327,0.0185521,0.0164003,0.0263096,0.0259846,0.0275828,0.0221507,0.0197578,0.0259354,0.023365,0.0199252,0.0219731,0.0176019,0.0202179,0.0252982,0.0196054,0.0237368,0.0197174,0.0206598,0.0201158,0.0173841,0.0170816,0.0128682,0.0125991,0.0116862,0.00980518,0.00840134,0.00806588,0.00779482,0.00510669,0.00236905,0.00129969,0.000890169,0.000498939,7.06077e-05,0.000178897,0}:
{0,97,0,0,0,0,0,0,0,0,0,0,0,0,0,0,0,0,0,0,0,0,0,0,0,0,0,0,0,0,0,0,0,0,0.00214325,0.00626417,0.00513159,0.00726319,0.00902947,0.0112498,0.0129453,0.00998423,0.0100664,0.0198633,0.0170415,0.0190539,0.0183873,0.0193942,0.0160516,0.0224303,0.0213778,0.0230189,0.0187129,0.023676,0.0239399,0.023745,0.0289331,0.0192603,0.0229509,0.0278376,0.0212915,0.0204388,0.0263131,0.0246022,0.0227487,0.0246287,0.0225234,0.0256862,0.0187584,0.021372,0.0212125,0.024084,0.022064,0.0227556,0.0247179,0.0203465,0.0221761,0.0213001,0.0229451,0.0228288,0.0203734,0.021051,0.0189531,0.0181535,0.0170028,0.0152826,0.0128207,0.0109122,0.0102704,0.00831556,0.00699203,0.00739059,0.00489776,0.00271163,0.00111672,0.00112538,0.000405712,7.06077e-05,0.000765993,0}:
{0,97,0,0,0,0,0,0,0,0,0,0,0,0,0,0,0,0,0,0,0,0,0,0,0,0,0,0,0,0,0,0,0,0,0,0.00301716,0.00310847,0.00576758,0.00653719,0.00863645,0.00910142,0.0118511,0.0158632,0.0141256,0.0150758,0.0164778,0.0146503,0.020499,0.0203073,0.0165747,0.0169485,0.0164294,0.0163842,0.0194202,0.0226511,0.0225828,0.0190532,0.0198949,0.0202737,0.0253591,0.0204184,0.0274896,0.0189075,0.0223565,0.0250361,0.0230988,0.0254965,0.0205824,0.0230036,0.0224964,0.0259448,0.0255849,0.0270565,0.0229078,0.0218577,0.018386,0.0208606,0.0200636,0.0213406,0.0183753,0.0190969,0.0196269,0.0192636,0.0166434,0.015446,0.0136502,0.0125168,0.0118243,0.0105331,0.00999755,0.00885735,0.00696096,0.00508404,0.00262249,0.0013181,0.000911642,0.000527347,0.000604651,0.00094489,0}:
{0,97,0,0,0,0,0,0,0,0,0,0,0,0,0,0,0,0,0,0,0,0,0,0,0,0,0,0,0,0,0,0,0,0,0.00214325,0.00226287,0.00331396,0.00601193,0.00343192,0.00384527,0.0077593,0.00927037,0.0088784,0.0108707,0.0149486,0.0141609,0.0151756,0.0190086,0.0166999,0.019468,0.0200618,0.0187112,0.0214718,0.0260784,0.021523,0.0222138,0.024113,0.0212912,0.019548,0.0215119,0.0223043,0.0193595,0.0226086,0.0214892,0.0224386,0.0221499,0.0177621,0.0180477,0.0200569,0.0258423,0.0191974,0.0252344,0.0209398,0.0223845,0.020248,0.0222396,0.0247221,0.0239427,0.0223836,0.0193331,0.0227149,0.0208069,0.0187784,0.0172436,0.0165314,0.0140541,0.0119791,0.0105356,0.0106229,0.00983696,0.00860227,0.00661615,0.0056569,0.00241012,0.00124097,0.000776432,0.000957071,0.000302326,0.00117419,0}:
{0,97,0,0,0,0,0,0,0,0,0,0,0,0,0,0,0,0,0,0,0,0,0,0,0,0,0,0,0,0,0,0,0,0,0.000326539,0,0.00425172,0.00394441,0.00324843,0.00592775,0.00759645,0.00813252,0.00983813,0.0104214,0.0138331,0.0145974,0.0114731,0.0210427,0.019627,0.0166224,0.0174808,0.0147982,0.020807,0.0208417,0.0198422,0.0205951,0.0198846,0.0220689,0.0209294,0.0208075,0.024861,0.0278127,0.0215549,0.0208157,0.022184,0.0237787,0.0266369,0.0229255,0.0202491,0.0193063,0.0228781,0.0200815,0.0183568,0.0178771,0.0260568,0.0213023,0.0223093,0.0169762,0.0167767,0.0219817,0.0228119,0.020739,0.0184103,0.0170677,0.0160281,0.014663,0.0130684,0.0122705,0.011398,0.00980106,0.00845015,0.00821886,0.0050398,0.00287224,0.00131128,0.000970445,0.000677389,0.000282431,0,0}:
{0,97,0,0,0,0,0,0,0,0,0,0,0,0,0,0,0,0,0,0,0,0,0,0,0,0,0,0,0,0,0,0,0,0,0.000326539,0,0.000674372,0,0.00245194,0.00187497,0.00563872,0.00449944,0.00949573,0.00971564,0.0103282,0.0129616,0.0119184,0.00906569,0.0146592,0.0163564,0.0150345,0.0213537,0.017111,0.0144055,0.0214524,0.0160582,0.0207501,0.0206923,0.0178991,0.0176647,0.0179171,0.0198797,0.023431,0.0196849,0.0214401,0.0231361,0.018899,0.0186602,0.0194077,0.0214747,0.0222295,0.0201835,0.0161936,0.0199954,0.0248366,0.0185913,0.0249402,0.022175,0.016842,0.0217395,0.018688,0.017317,0.0191625,0.0162327,0.0161478,0.0140794,0.0122961,0.0107348,0.0109957,0.00954813,0.00892398,0.00765924,0.00577782,0.00253398,0.00152527,0.00105672,0.000527347,0.000675259,0,0}:
{0,97,0,0,0,0,0,0,0,0,0,0,0,0,0,0,0,0,0,0,0,0,0,0,0,0,0,0,0,0,0,0,0,0,0,0,0.000205491,0.00187689,0.000469823,0.000871124,0.00246593,0.00512785,0.00446253,0.00631675,0.00855179,0.0112763,0.0117271,0.0152455,0.0132843,0.0192857,0.0159315,0.0144374,0.0157226,0.0195711,0.0160853,0.0191704,0.0163815,0.0171774,0.0218877,0.0204753,0.0152691,0.0177051,0.0212143,0.0196309,0.0187511,0.0190659,0.0221444,0.0188863,0.0180746,0.0177455,0.020211,0.0183501,0.0180567,0.0187415,0.0203785,0.0239275,0.01799,0.0207397,0.0176058,0.0200662,0.0205059,0.021966,0.0191602,0.0173024,0.0150812,0.0150093,0.0133997,0.0120511,0.0103481,0.00997562,0.00847801,0.00949712,0.00543632,0.00275145,0.00161624,0.00103911,0.000348896,0.000695154,0.00094489,0}:
{0,97,0,0,0,0,0,0,0,0,0,0,0,0,0,0,0,0,0,0,0,0,0,0,0,0,0,0,0,0,0,0,0,0,0,0.00075429,0.000674372,0,0.000469823,0.00143941,0.00250173,0.00312365,0.00376323,0.00469799,0.0110032,0.00821414,0.00908938,0.0166869,0.0114095,0.0114483,0.0119359,0.0177338,0.013723,0.0124318,0.0154232,0.0140928,0.0144914,0.0198949,0.0210886,0.0200701,0.018461,0.0168779,0.0159036,0.0180203,0.0202229,0.0203885,0.021422,0.0221404,0.0211598,0.0215432,0.019232,0.0172475,0.0211862,0.0230934,0.017993,0.0208429,0.0155772,0.0166944,0.0243358,0.0222593,0.0174907,0.0215747,0.0181228,0.0158932,0.0159577,0.0136137,0.0134807,0.0125226,0.0117047,0.0105004,0.0102603,0.00849616,0.00579341,0.00275718,0.00172085,0.00125672,0.000620574,0.000514149,0.000587097,0.00045319}:
{0,97,0,0,0,0,0,0,0,0,0,0,0,0,0,0,0,0,0,0,0,0,0,0,0,0,0,0,0,0,0,0,0,0,0,0,0.000674372,0.000190638,0,0.00130669,0.00221183,0.00207126,0.00356712,0.00731047,0.00944702,0.00571967,0.0105823,0.00672658,0.0057934,0.00880296,0.00902299,0.0125656,0.0145656,0.0131688,0.0134018,0.0157458,0.0211144,0.0159081,0.0197771,0.0172029,0.0159042,0.0141957,0.0168514,0.0176678,0.018441,0.0197664,0.0224682,0.0212104,0.018897,0.0198609,0.0183724,0.0164625,0.0205703,0.0209266,0.0176036,0.018386,0.0154773,0.0200961,0.022746,0.0148796,0.0237944,0.0142538,0.0187384,0.0171724,0.0155906,0.0145417,0.0129505,0.0108957,0.0105627,0.0115524,0.00791923,0.00830728,0.00571567,0.00306658,0.00142645,0.00142926,0.000648981,0.000443541,0.000178897,0}:
{0,97,0,0,0,0,0,0,0,0,0,0,0,0,0,0,0,0,0,0,0,0,0,0,0,0,0,0,0,0,0,0,0,0,0,0,0,0,0,0,0.00179487,0.000780912,0.00247561,0.00240517,0.00322244,0.00497453,0.00589493,0.00647053,0.00956359,0.00986702,0.00854159,0.00980278,0.014251,0.0119506,0.0152626,0.0143177,0.0143887,0.018824,0.0177399,0.0154454,0.0154319,0.0147158,0.0207837,0.0162003,0.014809,0.0167366,0.0185557,0.0169107,0.0185472,0.0198763,0.0172861,0.0191138,0.0196388,0.0205705,0.0176855,0.0189498,0.0169959,0.0181297,0.0182327,0.01834,0.0152817,0.0208392,0.0182251,0.0173295,0.0151197,0.0134275,0.0127019,0.0122167,0.0112206,0.0101811,0.00811313,0.00878713,0.00560248,0.00303249,0.00184079,0.00125672,0.00102189,0.000906977,0,0}:
{0,97,0,0,0,0,0,0,0,0,0,0,0,0,0,0,0,0,0,0,0,0,0,0,0,0,0,0,0,0,0,0,0,0,0,0,0,0,0,0.000435562,0.000416955,0.00117137,0.00161236,0.0014431,0.00294006,0.00294859,0.00695975,0.00675819,0.00846178,0.00698852,0.00865823,0.0141444,0.0151767,0.0124657,0.0128457,0.0149271,0.0143887,0.0122144,0.0140188,0.0147811,0.012494,0.0122342,0.0149718,0.0162892,0.0163722,0.0152609,0.015563,0.0173662,0.0175483,0.0180913,0.0166029,0.0196502,0.0152968,0.0188936,0.01977,0.0184534,0.0167927,0.0208879,0.0188416,0.0189914,0.0225679,0.0167755,0.0175644,0.0183193,0.0161431,0.0147083,0.0134542,0.0124134,0.0107078,0.0104954,0.00891005,0.00915537,0.00586784,0.00286895,0.00170268,0.000913767,0.0010583,0.000302326,0.000765993,0}:
{0,97,0,0,0,0,0,0,0,0,0,0,0,0,0,0,0,0,0,0,0,0,0,0,0,0,0,0,0,0,0,0,0,0,0,0,0,0,0.000469823,0.000435562,0.000416955,0.000118977,0.000374558,0.00232448,0.00238929,0.00179888,0.00429064,0.00528517,0.00459576,0.00672251,0.010339,0.012359,0.0094632,0.0079321,0.0120423,0.00981176,0.0109729,0.0108735,0.010511,0.0149071,0.0168651,0.0159601,0.0212849,0.014539,0.0165318,0.0195759,0.014031,0.0160532,0.0169147,0.0171004,0.0195278,0.0163456,0.0164399,0.0191979,0.0196546,0.020567,0.0192904,0.0183937,0.0194895,0.0185999,0.0152316,0.0200682,0.0172755,0.0165239,0.016174,0.0154005,0.0135995,0.0113851,0.0111605,0.00801223,0.00913674,0.00840577,0.00645336,0.0030232,0.00216415,0.000817633,0.00108671,0.00113869,0.000765993,0}:
{0,97,0,0,0,0,0,0,0,0,0,0,0,0,0,0,0,0,0,0,0,0,0,0,0,0,0,0,0,0,0,0,0,0,0,0,0,0,0,0,0,0,0.000114133,0.0012991,0.0026096,0.00228498,0.00286042,0.00217792,0.00679624,0.00610674,0.00777598,0.0089609,0.00900039,0.00874019,0.012399,0.0118991,0.0115117,0.0146387,0.0139104,0.0125418,0.013292,0.0129904,0.016562,0.0152632,0.0172435,0.0135574,0.0180504,0.0161066,0.0153894,0.0151066,0.018215,0.0207316,0.0171946,0.0146237,0.0190763,0.020227,0.0171624,0.0175514,0.0131693,0.0137406,0.019441,0.0179701,0.0159354,0.0156035,0.0150586,0.0145839,0.0133649,0.0117059,0.0115727,0.0116781,0.0107172,0.0091233,0.00595351,0.0027147,0.00186476,0.00100565,0.000799024,0.000443541,0.00094489,0.00045319}:
{0,97,0,0,0,0,0,0,0,0,0,0,0,0,0,0,0,0,0,0,0,0,0,0,0,0,0,0,0,0,0,0,0,0,0,0,0,0,0,0,0,0,0.000342399,0.000368689,0.000581804,0.000858672,0.00106482,0.00373154,0.00368876,0.00339571,0.00602629,0.00748381,0.00607846,0.00820656,0.0100015,0.00869942,0.00802736,0.00971147,0.0110934,0.0116913,0.0128393,0.0162992,0.0150618,0.0170832,0.015899,0.0140879,0.0125347,0.0139016,0.0137914,0.0180913,0.018004,0.0154289,0.0154199,0.0155399,0.0188205,0.0177702,0.0187326,0.0185598,0.0209929,0.0136588,0.016673,0.0161047,0.0184058,0.0165488,0.0156122,0.0135842,0.0131347,0.0131117,0.0117478,0.0108865,0.00956632,0.00812596,0.00604885,0.00318954,0.00166587,0.00129193,0.000592166,0.000231718,0.00094489,0.00090638}:
{0,97,0,0,0,0,0,0,0,0,0,0,0,0,0,0,0,0,0,0,0,0,0,0,0,0,0,0,0,0,0,0,0,0,0,0,0,0,0,0,0.000416955,0,0.000374558,0.000112345,0.000471651,0.00197639,0.00227235,0.00206571,0.00239528,0.00246305,0.00396275,0.0100925,0.00853759,0.00540946,0.00930408,0.0087681,0.0133642,0.00896951,0.00748063,0.0137609,0.0102629,0.0137271,0.0138634,0.0136526,0.0150439,0.0162435,0.013435,0.011681,0.0153894,0.0168419,0.0162155,0.0123612,0.0160358,0.0156736,0.015942,0.0150777,0.014783,0.0192034,0.0159981,0.0149438,0.0157729,0.0149893,0.0164568,0.0177379,0.0171628,0.0154109,0.0141765,0.0120463,0.0119454,0.0112945,0.0102518,0.00961092,0.00627696,0.00318101,0.00173368,0.00129193,0.000677389,0.000282431,0.000765993,0}:
{0,97,0,0,0,0,0,0,0,0,0,0,0,0,0,0,0,0,0,0,0,0,0,0,0,0,0,0,0,0,0,0,0,0,0,0,0,0,0,0,0,0.000390456,0,0.000368689,0,0.000372572,0.00168427,0.00118537,0.00168309,0.00261248,0.00231488,0.00472099,0.00576396,0.00772542,0.00731792,0.00751504,0.00837291,0.0104373,0.00891626,0.0077875,0.0100088,0.0101111,0.0115566,0.0117785,0.0153702,0.0156178,0.0114885,0.0155287,0.0136529,0.0117608,0.0146035,0.0135775,0.0162283,0.0191796,0.0118616,0.0143945,0.0173655,0.01732,0.017552,0.0156096,0.0172935,0.0148777,0.0162321,0.0174779,0.0149146,0.0142211,0.0134652,0.013793,0.0123554,0.0100759,0.00794215,0.00903652,0.00627495,0.00349195,0.00179944,0.00130779,0.000807028,0.000423646,0,0}:
{0,97,0,0,0,0,0,0,0,0,0,0,0,0,0,0,0,0,0,0,0,0,0,0,0,0,0,0,0,0,0,0,0,0,0,0,0,0,0,0,0,0,0,0,0,0,0.000476737,0.000960939,0.0023458,0.00202957,0.00281433,0.00308974,0.00526855,0.00781181,0.00690656,0.00847116,0.0080958,0.00929491,0.0117141,0.00932238,0.0106082,0.00973303,0.00758558,0.0126964,0.0121559,0.0116054,0.0146982,0.0138515,0.00921216,0.012661,0.0128842,0.0117441,0.0150851,0.0115224,0.0142654,0.0137971,0.01438,0.0122695,0.0155345,0.0140646,0.0125459,0.0165136,0.0167554,0.0154927,0.0147584,0.0158443,0.0127613,0.011806,0.011063,0.010861,0.009793,0.0095306,0.0059619,0.0031706,0.00181432,0.00108631,0.000807028,0.000372933,0.000178897,0}:
{0,97,0,0,0,0,0,0,0,0,0,0,0,0,0,0,0,0,0,0,0,0,0,0,0,0,0,0,0,0,0,0,0,0,0,0,0,0,0,0,0,0,0,0,0,0.000372572,0,0.000368257,0.000970891,0.00299508,0.00188116,0.00357081,0.00381494,0.00578559,0.00468909,0.00532469,0.00792135,0.00808097,0.00847041,0.00817623,0.0110054,0.0127028,0.0126103,0.00801115,0.012009,0.0131595,0.0139919,0.0122935,0.015862,0.011309,0.0170717,0.0141617,0.0166672,0.0150985,0.0150594,0.012673,0.0196085,0.0160834,0.0176353,0.0141641,0.0183584,0.0163342,0.0158536,0.0162443,0.0155114,0.0138,0.0131397,0.0129749,0.0106984,0.0094988,0.0100197,0.00947479,0.00660279,0.00300427,0.00165906,0.00129018,0.00151643,0.000604651,0.000357793,0.00045319}:
{0,97,0,0,0,0,0,0,0,0,0,0,0,0,0,0,0,0,0,0,0,0,0,0,0,0,0,0,0,0,0,0,0,0,0,0,0,0,0,0,0,0,0.000374558,0,0,0.000745144,0.00106482,0.000368257,0.00037207,0.00138096,0.00138171,0.003913,0.00285673,0.00281571,0.00441901,0.00466214,0.00605005,0.00578004,0.00643324,0.00773094,0.00656635,0.00926441,0.00644189,0.00921515,0.00915685,0.010735,0.0116309,0.010789,0.0103184,0.0125053,0.0135328,0.0141107,0.0124137,0.00999769,0.0166875,0.0150255,0.0132826,0.015321,0.013912,0.0145844,0.0144931,0.0112731,0.0158558,0.0168969,0.0142947,0.0143551,0.01364,0.0117837,0.011398,0.0123106,0.00939973,0.00926501,0.00648147,0.00341972,0.00209634,0.00140392,0.000871848,0.000514149,0.000357793,0}:
{0,97,0,0,0,0,0,0,0,0,0,0,0,0,0,0,0,0,0,0,0,0,0,0,0,0,0,0,0,0,0,0,0,0,0,0,0,0,0,0,0,0,0,0,0,0,0,0.00048047,0.00059882,0.00049918,0.00203067,0.00139071,0.00122221,0.0014248,0.00214683,0.00537452,0.00623993,0.00407801,0.00643324,0.00662131,0.00612981,0.00910287,0.0106248,0.00610214,0.00988465,0.00876617,0.0121006,0.0117,0.0118974,0.0109444,0.011184,0.0109081,0.0164556,0.0167419,0.0165171,0.014615,0.016538,0.0147459,0.0180662,0.0165031,0.0140197,0.0129267,0.0148083,0.0157037,0.0140123,0.0145048,0.0143747,0.0120708,0.010415,0.010687,0.01015,0.00985003,0.00643224,0.00334392,0.00171426,0.00125073,0.000815033,0.000977585,0.000587097,0.00045319}:
{0,97,0,0,0,0,0,0,0,0,0,0,0,0,0,0,0,0,0,0,0,0,0,0,0,0,0,0,0,0,0,0,0,0,0,0,0,0,0,0,0,0,0,0,0,0,0,0.000112213,0.000113375,0.000382597,0.000499452,0.0014246,0.00099081,0.00154508,0.00177079,0.00346226,0.00293008,0.00376874,0.00368613,0.00717613,0.0062014,0.00509282,0.0112513,0.00741086,0.00844875,0.00976925,0.0080617,0.00689125,0.0118627,0.011119,0.0113258,0.0147278,0.0149082,0.0125907,0.0128596,0.0139503,0.0162016,0.0125008,0.0118292,0.0122277,0.0120547,0.0131062,0.0137863,0.0148898,0.0148846,0.0136226,0.0127129,0.0123164,0.0125633,0.0105922,0.0107033,0.00860438,0.00646529,0.00346729,0.00241164,0.00112925,0.00107871,0.000353038,0.00053669,0.00090638}:
{0,97,0,0,0,0,0,0,0,0,0,0,0,0,0,0,0,0,0,0,0,0,0,0,0,0,0,0,0,0,0,0,0,0,0,0,0,0,0,0,0,0,0,0,0,0,0,0,0,0.000382597,0.000382805,0.000514956,0.00110651,0.00190594,0.00271885,0.0017749,0.00332863,0.0034791,0.00389945,0.0030898,0.00536762,0.00634965,0.0048129,0.00763948,0.00852047,0.00649476,0.00672727,0.00991589,0.011932,0.0122622,0.0133754,0.010309,0.0104274,0.0123533,0.0145696,0.0136776,0.0103637,0.0134083,0.0138467,0.0138368,0.0129725,0.014139,0.0138919,0.0147557,0.0149569,0.0150565,0.0141106,0.0117561,0.0106163,0.0118058,0.00990934,0.0094656,0.00672791,0.00337292,0.00206079,0.00129792,0.00120034,0.000906977,0.000178897,0}:
{0,97,0,0,0,0,0,0,0,0,0,0,0,0,0,0,0,0,0,0,0,0,0,0,0,0,0,0,0,0,0,0,0,0,0,0,0,0,0,0,0,0,0,0,0,0,0,0,0,0,0.000499452,0.000240535,0.000231402,0.00130452,0.000536707,0.00156549,0.00140432,0.0013051,0.0024988,0.00214625,0.00536762,0.00602657,0.00484821,0.00569555,0.00672243,0.00831042,0.0104584,0.00816635,0.0119476,0.00895064,0.00839747,0.0106595,0.00786001,0.0113519,0.0120622,0.0105224,0.0154074,0.0109971,0.0134664,0.0145523,0.0142491,0.0125824,0.0128467,0.0144686,0.0132543,0.0136494,0.0138141,0.0120756,0.0112628,0.0111728,0.00931671,0.00970635,0.00678054,0.00342545,0.00217574,0.00133912,0.00114353,0.000514149,0.00153199,0}:
{0,97,0,0,0,0,0,0,0,0,0,0,0,0,0,0,0,0,0,0,0,0,0,0,0,0,0,0,0,0,0,0,0,0,0,0,0,0,0,0,0,0,0,0,0,0,0,0,0,0,0,0.000394689,0.000759408,0.000635312,0.000662054,0.000365618,0.000728663,0.00539924,0.00396941,0.00253498,0.00536762,0.00487626,0.00558066,0.00451072,0.00488853,0.00833094,0.007592,0.00977444,0.00573918,0.0107357,0.00864307,0.00904174,0.00829891,0.0110811,0.00938764,0.0124492,0.0116609,0.00967741,0.0131514,0.013609,0.0144608,0.0153013,0.0125286,0.0140217,0.0143547,0.013464,0.0119357,0.0115835,0.0118179,0.0107473,0.00983125,0.0100171,0.00674723,0.00316068,0.00224707,0.00154687,0.000677389,0.00116951,0.000765993,0}:
{0,97,0,0,0,0,0,0,0,0,0,0,0,0,0,0,0,0,0,0,0,0,0,0,0,0,0,0,0,0,0,0,0,0,0,0,0,0,0,0,0,0,0,0,0,0,0,0,0.00037207,0,0,0.000394689,0.000231402,0,0.000376042,0.000487491,0.000485775,0.000924301,0.00171891,0.00218276,0.00351759,0.00212305,0.00561597,0.00514592,0.00403346,0.00664423,0.00733935,0.00729327,0.00759859,0.00745831,0.00648621,0.00860727,0.00821045,0.00969339,0.0130786,0.00750518,0.0129097,0.0131265,0.0126552,0.0116582,0.0138225,0.0117467,0.0123812,0.0134302,0.0131616,0.0149387,0.0138256,0.0119733,0.0120586,0.0103817,0.0109529,0.00962964,0.00711763,0.00350774,0.00259689,0.00153314,0.00100588,0.000443541,0.00117419,0}:
{0,97,0,0,0,0,0,0,0,0,0,0,0,0,0,0,0,0,0,0,0,0,0,0,0,0,0,0,0,0,0,0,0,0,0,0,0,0,0,0,0,0,0,0,0,0,0,0.000368257,0,0,0.000116646,0,0,0,0.000125347,0.00144362,0.000519994,0.000797368,0.00077989,0.000980059,0.00197706,0.00237512,0.00479351,0.00442174,0.00492439,0.00429809,0.0044018,0.0073623,0.00673815,0.00629626,0.00830926,0.00713927,0.0087031,0.00925204,0.00791166,0.0127403,0.0124035,0.00792764,0.0096452,0.0106331,0.0110399,0.0155955,0.0133222,0.0128951,0.0144856,0.0121283,0.0123096,0.0136248,0.0119405,0.0104815,0.0101196,0.00851651,0.00682244,0.00345088,0.00257747,0.00125498,0.000746603,7.06077e-05,0.00211908,0.00045319}:
{0,97,0,0,0,0,0,0,0,0,0,0,0,0,0,0,0,0,0,0,0,0,0,0,0,0,0,0,0,0,0,0,0,0,0,0,0,0,0,0,0,0,0,0,0,0,0,0,0,0,0.000116646,0.000394689,0,0.000120284,0.000250694,0.000521831,0.00116143,0.000670434,0.00077989,0.00133228,0.00146894,0.00374197,0.00268268,0.0032369,0.00201673,0.00509382,0.00566155,0.00634777,0.00417586,0.00716226,0.00660901,0.00658796,0.00966936,0.0102685,0.0092506,0.00794942,0.00852373,0.00990556,0.011,0.0107967,0.0110044,0.0126794,0.011184,0.0122286,0.01323,0.012761,0.0129041,0.0129391,0.0117106,0.0114222,0.00997844,0.010529,0.00679507,0.00307217,0.00225161,0.00124511,0.00124476,0.000887082,0.000765993,0}:
{0,97,0,0,0,0,0,0,0,0,0,0,0,0,0,0,0,0,0,0,0,0,0,0,0,0,0,0,0,0,0,0,0,0,0,0,0,0,0,0,0,0,0,0,0,0,0,0,0,0,0,0,0.000115701,0,0.000662054,0.000121873,0.000519994,0.00105124,0.00118733,0.00127572,0.000635159,0.00253666,0.00284329,0.00261745,0.00515926,0.00581114,0.00486801,0.00335764,0.0070879,0.00669502,0.00825566,0.00970666,0.00768309,0.00781256,0.00803035,0.00760617,0.00945122,0.007711,0.00833775,0.0100315,0.00836882,0.00937214,0.0122102,0.0119577,0.0124224,0.0129426,0.0129725,0.0119296,0.0113827,0.0119086,0.01057,0.00963883,0.00711529,0.00368805,0.00216086,0.00119405,0.000656986,0.000867187,0,0.00090638}:
{0,97,0,0,0,0,0,0,0,0,0,0,0,0,0,0,0,0,0,0,0,0,0,0,0,0,0,0,0,0,0,0,0,0,0,0,0,0,0,0,0,0,0,0,0,0,0,0,0,0,0,0,0,0,0,0.000121873,0,0.00121393,0.000124151,0.000425241,0.00105205,0.00142187,0.00132369,0.00114993,0.00188945,0.00342763,0.00371504,0.00480871,0.00187843,0.00333039,0.00531177,0.00348732,0.00780625,0.00860673,0.0062534,0.0104703,0.00710507,0.007711,0.0120757,0.0122743,0.00845122,0.0105845,0.0117346,0.0132176,0.0134059,0.0120669,0.0125098,0.0118907,0.00980073,0.0102814,0.0111651,0.00895423,0.00692352,0.00416162,0.00206885,0.00147259,0.0010503,0.000353038,0.000765993,0.00045319}:
{0,97,0,0,0,0,0,0,0,0,0,0,0,0,0,0,0,0,0,0,0,0,0,0,0,0,0,0,0,0,0,0,0,0,0,0,0,0,0,0,0,0,0,0,0,0,0.000365396,0,0,0,0,0,0,0,0,0.000121873,0,0.000126934,0.000407436,0.000129577,0.000127032,0.00149289,0.00239676,0.0016804,0.00316222,0.00170356,0.00288591,0.0065393,0.00491338,0.00452668,0.00596039,0.00502118,0.00536204,0.00794634,0.00704745,0.0116314,0.00597445,0.00657218,0.0061896,0.0122743,0.00918966,0.0114848,0.0104236,0.0111434,0.0131939,0.013515,0.0122821,0.0127276,0.0116055,0.0104176,0.00936095,0.00970077,0.00680206,0.00399452,0.00262006,0.00157821,0.00132198,0.000302326,0.000357793,0}:
{0,97,0,0,0,0,0,0,0,0,0,0,0,0,0,0,0,0,0,0,0,0,0,0,0,0,0,0,0,0,0,0,0,0,0,0,0,0,0,0,0,0,0,0,0,0,0,0,0,0,0,0,0,0,0,0,0,0,0,0,0.000127032,0.000791705,0.00107307,0.000530472,0.000672243,0.00166619,0.00266886,0.00267609,0.00522849,0.00385066,0.00652081,0.00346925,0.00473057,0.00462602,0.00830115,0.00803193,0.00594114,0.00634084,0.00971051,0.00871442,0.00986029,0.00902784,0.0102762,0.0103673,0.0122212,0.0135876,0.01207,0.0118658,0.0117231,0.0110451,0.00985117,0.00972057,0.00718845,0.0039153,0.00244867,0.00147646,0.000584162,0.000423646,0.000178897,0}:
{0,97,0,0,0,0,0,0,0,0,0,0,0,0,0,0,0,0,0,0,0,0,0,0,0,0,0,0,0,0,0,0,0,0,0,0,0,0,0,0,0,0,0,0,0,0,0,0,0,0,0,0,0,0,0.000125347,0,0.000121444,0,0,0.000129577,0.000543921,0.000665673,0.000912457,0.000937052,0.000672243,0.00240403,0.00200164,0.00141656,0.00498265,0.00412791,0.00559198,0.00508702,0.00657462,0.00611731,0.00638716,0.00890192,0.00632911,0.00561422,0.00860218,0.00809834,0.00727161,0.01132,0.0102981,0.0117516,0.0126071,0.0124531,0.0127903,0.0111609,0.0117577,0.0102729,0.0100112,0.00956212,0.00707453,0.00374707,0.00239097,0.00127645,0.00139119,0.000796579,0.000178897,0}:
{0,97,0,0,0,0,0,0,0,0,0,0,0,0,0,0,0,0,0,0,0,0,0,0,0,0,0,0,0,0,0,0,0,0,0,0,0,0,0,0,0,0,0,0,0,0,0,0,0,0,0,0,0,0,0,0,0,0,0,0.000259154,0.000543921,0.000539641,0.000411229,0.000619454,0.00147176,0.000265242,0.00149635,0.00199455,0.00300032,0.00296587,0.00571478,0.00535364,0.00631264,0.00496376,0.00552295,0.00685565,0.00686862,0.00642392,0.00775829,0.00687752,0.00897479,0.00629121,0.00917007,0.00962502,0.0118572,0.0125598,0.0130753,0.0110171,0.0110433,0.0117669,0.0105099,0.0109952,0.00695328,0.00394582,0.00262211,0.00192329,0.00111512,0.000514149,0,0}:
{0,97,0,0,0,0,0,0,0,0,0,0,0,0,0,0,0,0,0,0,0,0,0,0,0,0,0,0,0,0,0,0,0,0,0,0,0,0,0,0,0,0,0,0,0,0,0,0,0,0,0,0,0,0,0,0,0,0,0,0,0.000127032,0.000126032,0.000125307,0.000495563,0.00079952,0.00140095,0.00196605,0.00117155,0.00256229,0.00192533,0.00178846,0.00443694,0.00523887,0.00325343,0.00681009,0.00510049,0.00386474,0.00462366,0.00807331,0.00715503,0.00892471,0.00512896,0.00935444,0.0102776,0.0124158,0.0141988,0.0119787,0.0123946,0.0122804,0.010898,0.00997598,0.0103879,0.00719358,0.00409092,0.00255328,0.00161167,0.00108671,0.000937795,0.000178897,0}:
{0,97,0,0,0,0,0,0,0,0,0,0,0,0,0,0,0,0,0,0,0,0,0,0,0,0,0,0,0,0,0,0,0,0,0,0,0,0,0,0,0,0,0,0,0,0,0,0,0,0,0,0,0,0,0,0,0,0.000416567,0,0,0.000127032,0,0.000411229,0.000813162,0.000254552,0.000567852,0.00054089,0.000769529,0.00207061,0.00152657,0.00259448,0.00270232,0.00223259,0.00438862,0.0043545,0.00450311,0.00410119,0.00465625,0.00486422,0.00515452,0.00907177,0.00673252,0.00823232,0.0098759,0.0112854,0.0104033,0.0122547,0.0113261,0.0117303,0.0108615,0.0102021,0.00920056,0.00697699,0.0041292,0.00240483,0.00144512,0.0010707,0.000977585,0.000357793,0}:
{0,97,0,0,0,0,0,0,0,0,0,0,0,0,0,0,0,0,0,0,0,0,0,0,0,0,0,0,0,0,0,0,0,0,0,0,0,0,0,0,0,0,0,0,0,0,0,0,0,0,0,0,0,0,0,0,0,0,0,0.000129577,0,0,0.000411229,0.000123891,0,0,0.000505296,0.00061251,0.00210525,0.000884793,0.00166565,0.00305286,0.00191686,0.00406597,0.00289688,0.00468991,0.00440425,0.00457317,0.00699764,0.00713741,0.00594495,0.0100252,0.0088184,0.010287,0.011225,0.010459,0.012658,0.0115302,0.0112584,0.0101532,0.0106675,0.0094946,0.00742055,0.00425446,0.00221855,0.00131166,0.000949067,0.000584756,0.000357793,0.00148726}:
{0,97,0,0,0,0,0,0,0,0,0,0,0,0,0,0,0,0,0,0,0,0,0,0,0,0,0,0,0,0,0,0,0,0,0,0,0,0,0,0,0,0,0,0,0,0,0,0,0,0,0,0,0,0,0,0,0.000121444,0,0,0,0,0.000539641,0,0.000406581,0.000381829,0.000132621,0.000126324,0.00129405,0.00117554,0.000729048,0.00275189,0.00250155,0.00306004,0.00191428,0.00372765,0.00276312,0.00285235,0.00518412,0.00390444,0.00331762,0.00519193,0.00686504,0.00690678,0.00986161,0.0104501,0.0115536,0.0125528,0.0132519,0.0115606,0.0117505,0.0105899,0.00985867,0.0075019,0.00379653,0.00234259,0.00141553,0.00149242,0.0011188,0.00211908,0}:
{0,97,0,0,0,0,0,0,0,0,0,0,0,0,0,0,0,0,0,0,0,0,0,0,0,0,0,0,0,0,0,0,0,0,0,0,0,0,0,0,0,0,0,0,0,0,0,0,0,0,0,0,0,0,0,0,0,0,0,0,0,0,0,0,0,0,0.000955456,0.000122502,0.00126383,0.000243016,0.000736822,0.00223493,0.00279465,0.00211824,0.00250739,0.00252417,0.00553487,0.00331868,0.00607051,0.00549622,0.00368588,0.00666784,0.00740099,0.00944787,0.0115613,0.0102863,0.0118878,0.0108445,0.01123,0.0106176,0.010939,0.0101304,0.00748438,0.00381177,0.0024038,0.00178808,0.00157325,0.000211823,0.00194019,0.00148726}:
{0,97,0,0,0,0,0,0,0,0,0,0,0,0,0,0,0,0,0,0,0,0,0,0,0,0,0,0,0,0,0,0,0,0,0,0,0,0,0,0,0,0,0,0,0,0,0,0,0,0,0,0,0,0,0,0,0,0,0.000407436,0,0,0.000413608,0,0.000247782,0.000381829,0.000833094,0.000252648,0.00169608,0.00185941,0.00272285,0.00178846,0.0040864,0.0055199,0.00752335,0.00985909,0.0119561,0.0166046,0.0169257,0.0210435,0.0214796,0.0260389,0.0272775,0.0425472,0.061271,0.0693425,0.0803356,0.0840129,0.0858462,0.0863222,0.0796386,0.0810057,0.0771815,0.0601502,0.0343322,0.0199762,0.0143511,0.0112664,0.00624039,0.0084536,0.00569367}:
{0,97,0,0,0,0,0,0,0,0,0,0,0,0,0,0,0,0,0,0,0,0,0,0,0,0,0,0,0,0,0,0,0,0,0,0,0,0,0,0,0,0,0,0,0,0,0,0,0,0,0,0,0,0,0,0,0,0,0,0,0,0,0,0,0,0,0,0,0,0,0.000245607,0,0.000123164,0.0002374,0.00113501,0.00102313,0.00121553,0.00191593,0.00233255,0.0043893,0.00568317,0.00788018,0.0154818,0.0333941,0.0515932,0.0637394,0.0750182,0.0770072,0.0810546,0.0810835,0.0778631,0.072776,0.0604713,0.0362829,0.0221792,0.016285,0.0113552,0.00859931,0.00648574,0.00342772}:
{0,97,0,0,0,0,0,0,0,0,0,0,0,0,0,0,0,0,0,0,0,0,0,0,0,0,0,0,0,0,0,0,0,0,0,0,0,0,0,0,0,0,0,0,0,0,0,0,0,0,0,0,0,0,0,0,0,0,0,0,0,0,0,0,0,0,0,0,0,0,0,0,0,0,0.000389485,0,0,0,0.000115891,0.000227803,0,0.00112991,0.00297816,0.0170062,0.0423916,0.0744429,0.0938981,0.117,0.122055,0.134139,0.138246,0.141561,0.122601,0.0767748,0.0504623,0.0328601,0.0244941,0.017508,0.0102426,0.0153959}:
{0,97,0,0,0,0,0,0,0,0,0,0,0,0,0,0,0,0,0,0,0,0,0,0,0,0,0,0,0,0,0,0,0,0,0,0,0,0,0,0,0,0,0,0,0,0,0,0,0,0,0,0,0,0,0,0,0,0,0,0,0,0,0,0,0,0,0,0,0,0,0,0,0,0,0,0,0,0,0,0,0,0,0,0.000151095,0.00357531,0.0133204,0.0308302,0.0553553,0.0767783,0.0945894,0.10492,0.110278,0.115283,0.0826135,0.0547532,0.0371634,0.0260282,0.0229518,0.00942617,0.0103533}:
{0,97,0,0,0,0,0,0,0,0,0,0,0,0,0,0,0,0,0,0,0,0,0,0,0,0,0,0,0,0,0,0,0,0,0,0,0,0,0,0,0,0,0,0,0,0,0,0,0,0,0,0,0,0,0,0,0,0,0,0,0,0,0,0,0,0,0,0,0,0,0,0,0,0,0,0,0,0,0,0,0,0,0,0,0,0.000267217,0.00258771,0.0122679,0.0274941,0.0449607,0.0668411,0.0764132,0.100548,0.0838142,0.057003,0.0428268,0.0319526,0.0199394,0.019054,0.0168832}:
{0,97,0,0,0,0,0,0,0,0,0,0,0,0,0,0,0,0,0,0,0,0,0,0,0,0,0,0,0,0,0,0,0,0,0,0,0,0,0,0,0,0,0,0,0,0,0,0,0,0,0,0,0,0,0,0,0,0,0,0,0,0,0,0,0,0,0,0,0,0,0,0,0,0,0,0,0,0,0,0,0,0,0,0,0,1.49741e-05,3.19438e-05,0.000355297,0.00253763,0.0112811,0.0210059,0.0402752,0.0831098,0.085405,0.0631014,0.0434174,0.0324532,0.0218131,0.0185677,0.01973}:
{0,97,0,0,0,0,0,0,0,0,0,0,0,0,0,0,0,0,0,0,0,0,0,0,0,0,0,0,0,0,0,0,0,0,0,0,0,0,0,0,0,0,0,0,0,0,0,0,0,0,0,0,0,0,0,0,0,0,0,0,0,0,0,0,0,0,0,0,0,0,0,0,0,0,0,0,0,0,0,0,0,0,0,0,0,0,0,0,3.50285e-05,0.000513797,0.00253551,0.00968906,0.0595495,0.0830045,0.0653551,0.046478,0.0363695,0.0247985,0.0233929,0.0150129};
>
