energy(#dis_anumu)<
@energy =
{0,97,0,0,0,0,0,0,0,0,0,0,0,0,0,0,0,0,0,0,0,0,0,0,0,0,0,0,0,0,0,0,0,0,0,0,0,0,0,0,0,0,0,0,0,0,0,0,0,0,0,0,0,0,0,0,0,0,0,0,0,0,0,0,0,0,0,0,0,0,0,0,0,0,0,0,0,0,0,0,0,0,0,0,0,0,0,0,0,0,0,0,0,0,0,0,0,0,0,0}:
{0,97,0,0,0,0,0,0.000939181,0.000712981,0.00067709,0.000354336,0.000163013,9.91802e-05,7.06033e-05,8.97783e-05,8.58583e-05,2.36229e-05,1.78826e-05,2.05e-05,0,6.55232e-06,6.18256e-06,5.90978e-06,1.30099e-05,1.07867e-05,1.58574e-06,0,0,0,0,0,0,0,0,0,0,0,0,0,0,0,0,0,0,0,0,0,0,0,0,0,0,0,0,0,0,0,0,0,0,0,0,0,0,0,0,0,0,0,0,0,0,0,0,0,0,0,0,0,0,0,0,0,0,0,0,0,0,0,0,0,0,0,0,0,0,0,0,0,0}:
{0,97,0,0,0,0,0,0.00122384,0.00235489,0.00190356,0.00124171,0.00111867,0.000673127,0.000564826,0.000382141,0.000289255,0.00019699,0.000111977,0.000150986,9.25597e-05,5.64118e-05,2.66142e-05,4.13685e-05,1.69347e-05,1.07867e-05,1.0408e-05,5.04901e-06,4.99217e-06,0,3.10927e-06,0,0,0,0,0,0,0,0,0,0,0,0,0,0,0,0,0,0,0,0,0,0,0,0,0,0,0,0,0,0,0,0,0,0,0,0,0,0,0,0,0,0,0,0,0,0,0,0,0,0,0,0,0,0,0,0,0,0,0,0,0,0,0,0,0,0,0,0,0,0}:
{0,97,0,0,0,0,0.0253178,0.00561635,0.005545,0.00582626,0.0030818,0.00310412,0.00222121,0.00164028,0.00116531,0.000816257,0.000654713,0.000447486,0.00037679,0.000191017,0.00017635,0.000141137,8.63385e-05,8.24689e-05,3.93967e-05,1.0408e-05,3.18326e-05,1.64977e-05,6.53236e-06,1.02039e-05,5.23339e-06,1.06281e-05,5.5618e-06,5.83624e-06,0,6.56691e-06,0,0,0,9.28438e-06,0,0,0,0,0,0,0,0,0,0,0,0,0,0,0,0,0,0,0,0,0,0,0,0,0,0,0,0,0,0,0,0,0,0,0,0,0,0,0,0,0,0,0,0,0,0,0,0,0,0,0,0,0,0,0,0,0,0,0,0}:
{0,97,0,0,0,0,0.945971,0.549713,0.156114,0.0954151,0.0584559,0.0347306,0.0209201,0.0137136,0.00978974,0.0074684,0.00469037,0.003578,0.00253601,0.00147952,0.00109235,0.000788475,0.000551968,0.00038928,0.000283994,0.000253209,0.000180464,9.29014e-05,6.66132e-05,7.76457e-05,4.66512e-05,2.12561e-05,2.22472e-05,3.50174e-05,1.85911e-05,6.56691e-06,0,7.8601e-06,0,0,0,0,0,0,4.21649e-06,0,0,0,0,0,0,0,0,0,0,0,0,0,0,0,0,0,0,0,0,0,0,0,0,0,0,0,0,0,0,0,0,0,0,0,0,0,0,0,0,0,0,0,0,0,0,0,0,0,0,0,0,0,0,0}:
{0,97,0,0,0,0,0.0200231,0.432764,0.552272,0.219594,0.140285,0.0960908,0.0597723,0.0359851,0.0252029,0.0185016,0.0129174,0.00894595,0.006377,0.00404879,0.00293853,0.00213932,0.00140252,0.00111801,0.000622639,0.000492393,0.000373669,0.000248558,0.000262542,0.00012468,8.53289e-05,7.55594e-05,9.40731e-05,6.77554e-05,1.42824e-05,3.94015e-05,1.43664e-05,1.02552e-05,2.50602e-05,1.49425e-05,0,0,0,0,1.38375e-05,1.95558e-05,1.60102e-05,0,0,0,0,0,0,6.98088e-06,0,0,0,0,0,0,0,0,0,0,0,0,0,0,0,0,0,0,0,0,0,0,0,0,0,0,0,0,0,0,0,0,0,0,0,0,0,0,0,0,0,0,0,0,0,0}:
{0,97,0,0,0,0,0.00868789,0.00628961,0.2651,0.431036,0.204274,0.141337,0.103131,0.0632155,0.0417383,0.0294479,0.0210947,0.0152252,0.0108485,0.00774991,0.00516204,0.00375231,0.00289452,0.00199478,0.00133882,0.00101215,0.000744024,0.000425233,0.000421468,0.000279971,0.000202754,0.000207954,8.68165e-05,0.000108609,0.000106706,5.19715e-05,3.52993e-05,1.57202e-05,1.98194e-05,3.99666e-05,1.32596e-05,1.43648e-05,1.92097e-05,1.65531e-05,5.53501e-05,0,4.87854e-06,0,0,0,6.13339e-06,0,0,0,0,0,7.70942e-06,0,0,0,0,0,0,0,0,0,0,0,0,0,0,0,0,0,0,0,0,0,0,0,0,0,0,0,0,0,0,0,0,0,0,0,0,0,0,0,0,0,0,0}:
{0,97,0,0,0,0,0,0.00251415,0.0123491,0.216827,0.368218,0.215233,0.151779,0.109569,0.0723418,0.049323,0.0355532,0.0262044,0.0193067,0.0129146,0.00910052,0.00639706,0.00480325,0.00309912,0.00229589,0.00179601,0.0012382,0.000885647,0.000625884,0.000476078,0.000403464,0.000313322,0.000163249,0.000121559,0.000129074,5.19715e-05,6.62209e-05,6.7671e-05,4.5618e-05,5.49091e-05,2.34225e-05,3.30298e-05,1.55727e-05,4.19273e-05,4.21649e-06,0,4.87854e-06,0,0,5.79517e-06,0,0,0,0,0,0,7.70942e-06,0,0,0,0,0,0,0,0,0,0,0,0,0,0,0,1.07622e-05,0,0,0,0,0,0,0,0,0,0,0,0,0,0,0,0,0,0,0,0,0,0,0,0,0,0,0}:
{0,97,0,0,0,0,0,0.000721006,0.00409049,0.0193555,0.189648,0.309353,0.206617,0.151919,0.113758,0.0796793,0.0554859,0.0405362,0.0281417,0.0211858,0.0147439,0.0111428,0.00753686,0.0057256,0.00422001,0.00289072,0.00221448,0.00156115,0.00110004,0.000969653,0.000657407,0.000442022,0.000427566,0.000288805,0.000154686,0.000145345,0.000151803,0.000114832,6.2817e-05,7.99332e-05,3.04886e-05,0,5.13798e-05,2.92402e-05,2.7675e-05,2.86903e-05,3.06459e-05,5.023e-06,5.38206e-06,1.90184e-05,0,2.73438e-05,6.65567e-06,0,0,0,0,8.01871e-06,0,0,1.77413e-05,0,0,9.47835e-06,9.73903e-06,0,0,0,0,0,0,0,0,0,0,0,0,3.74291e-05,0,0,0,0,0,0,0,0,0,0,0,0,0,0,0,9.44926e-07,0,0,0,0,0,0}:
{0,97,0,0,0,0,0,0.000218175,0.00108777,0.00583102,0.0236997,0.158956,0.266972,0.199862,0.151397,0.114167,0.0848338,0.060273,0.043664,0.0334691,0.022836,0.0173244,0.0122382,0.00882794,0.00643403,0.00492518,0.00320792,0.00272617,0.00181046,0.00133752,0.0011139,0.00079578,0.000543671,0.000472008,0.000425227,0.000306953,0.000282672,0.000151062,7.14165e-05,0.000121932,9.67868e-05,5.41043e-05,2.75084e-05,3.31062e-05,3.18915e-05,4.56723e-06,2.08888e-05,6.4522e-05,1.07641e-05,1.90184e-05,6.13339e-06,0,0,0,0,0,7.70942e-06,2.63155e-05,0,0,0,2.96307e-05,0,9.47835e-06,3.19612e-05,0,0,0,0,0,0,0,0,0,0,0,0,0,0,0,0,0,0,0,0,0,0,0,0,0,0,0,0,0,0,0,0,0,0,0}:
{0,97,0,0,0,0,0,0,0.000374788,0.00238064,0.00716265,0.0265281,0.14298,0.240546,0.191249,0.150122,0.117042,0.0858188,0.06264,0.0477292,0.0357538,0.0266709,0.0194342,0.0138248,0.0104964,0.00740597,0.00553548,0.00400748,0.00303887,0.00211728,0.00164616,0.00119898,0.000946077,0.000768202,0.000495283,0.000397763,0.000377626,0.000268289,0.000160032,0.000129184,0.000104725,0.000100554,7.88882e-05,8.88099e-05,0.000132971,5.86674e-05,9.75709e-06,2.15073e-05,5.38206e-06,0,6.13339e-06,2.09577e-05,2.18424e-05,2.98905e-05,4.84176e-05,3.24513e-05,7.70942e-06,0,0,0,0,0,9.15581e-06,9.47835e-06,0,0,4.28919e-05,0,0,0,0,0,0,0,0,0,2.24232e-05,0,1.13821e-05,0,0,0,4.99845e-06,0,0,6.20746e-06,0,0,0,0,0,0,0,0,0,0,0,0,0,0}:
{0,97,0,0,0,0,0,0,0,0.000826446,0.0022271,0.00804076,0.028706,0.130666,0.214419,0.180587,0.144782,0.114042,0.0884557,0.0670993,0.0492097,0.0376257,0.0279553,0.0205452,0.015578,0.0114956,0.0083616,0.00605253,0.0045957,0.00349553,0.00245627,0.00192614,0.00136035,0.00101994,0.000809203,0.000670444,0.000501312,0.000358191,0.00032571,0.000284627,0.000134341,0.000188633,7.05895e-05,5.35252e-05,7.76206e-05,2.86903e-05,0.000105819,3.15533e-05,8.67969e-05,0.000106682,3.23951e-05,6.3861e-06,6.55271e-05,6.98088e-06,7.37676e-06,0,3.30099e-05,0,2.74783e-05,0,0,0,3.00472e-05,4.05841e-05,0,0,0,1.00297e-05,1.0183e-05,0,0,0,0,1.08678e-05,0,0,0,0,0,0,0,0,0,0,5.90713e-06,0,0,0,0,0,0,0,0,0,0,0,0,0,0,0}:
{0,97,0,0,0,0,0,0,0,0.000183126,0.000997664,0.00337721,0.00877838,0.0322587,0.122457,0.194471,0.170199,0.143059,0.116128,0.0903026,0.0673742,0.0521629,0.038844,0.0301643,0.0226573,0.0163783,0.0126323,0.00911307,0.00683064,0.005151,0.0038444,0.00286893,0.00232337,0.0016259,0.00119371,0.000928301,0.000778035,0.000480882,0.000434145,0.000345992,0.00026781,0.000210653,0.000232003,5.35252e-05,0.000191349,7.82233e-05,6.89195e-05,1.5069e-05,7.45163e-05,4.96271e-05,6.13339e-06,4.83015e-05,1.33113e-05,0,2.42088e-05,4.97446e-05,1.54188e-05,2.63155e-05,0,5.68411e-05,8.87067e-06,0,3.00472e-05,1.89567e-05,0,2.00554e-05,1.00173e-05,0,1.0183e-05,0,0,0,0,0,0,0,0,0,0,0,0,0,0,0,0,0,0,0,0,0,0,0,4.37055e-07,0,0,0,0,0,0,0}:
{0,97,0,0,0,0,0,0,0,0.000144598,0.000236224,0.00134349,0.00456083,0.010699,0.0331183,0.114209,0.179638,0.162574,0.137278,0.11507,0.0895241,0.0694747,0.0541544,0.042596,0.0328068,0.024216,0.0181584,0.0131089,0.0101644,0.00782013,0.00564776,0.00445675,0.00325224,0.00270593,0.00185602,0.00127096,0.00113978,0.000879419,0.000646918,0.000447323,0.000348241,0.000284367,0.000219042,0.000188128,0.000313511,9.77791e-05,0.000107948,0.000102514,3.91909e-05,4.38319e-05,5.25235e-05,6.92592e-05,3.51537e-05,7.37427e-05,7.37676e-06,3.24513e-05,6.60199e-05,0,8.37303e-06,0,2.91115e-05,9.02889e-06,9.15581e-06,9.47835e-06,0,0,1.00173e-05,0,0,0,0,0,0,0,1.1114e-05,3.65102e-05,0,0,0,0,0,0,1.5231e-06,1.66309e-06,0,0,0,0,0,0,0,0,0,0,0,0,0,0,0,0}:
{0,97,0,0,0,0,0,0,0,0,8.23715e-05,0.000445205,0.00163669,0.00482179,0.0120319,0.0344169,0.106521,0.165016,0.156077,0.134795,0.113982,0.0906565,0.0712939,0.0564535,0.041949,0.0328494,0.0253818,0.0193086,0.0147874,0.0108614,0.00834547,0.00648896,0.00490423,0.00397888,0.00292042,0.00184008,0.00160922,0.00142828,0.000913171,0.000763429,0.00062399,0.000567789,0.000408989,0.000277536,0.000202811,0.000255512,0.000130211,0.000129044,0.000119089,9.18262e-05,7.26518e-05,4.83015e-05,2.8498e-05,2.98905e-05,7.37676e-06,7.57894e-06,4.07194e-05,8.01871e-06,8.37303e-06,0,8.87067e-06,0,9.15581e-06,3.11057e-05,9.73903e-06,1.00277e-05,0,2.00593e-05,0,0,0,0,0,0,3.64737e-05,0,1.12116e-05,0,0,0,0,0,0,0,1.79999e-06,6.20746e-06,0,0,0,0,0,0,4.37055e-07,0,0,0,0,0,0,0}:
{0,97,0,0,0,0,0,0,0,0,3.57405e-05,0.000127058,0.00068716,0.00269151,0.00590339,0.0133351,0.0360845,0.102633,0.154532,0.150037,0.132914,0.112444,0.0913806,0.0711544,0.0563924,0.0451916,0.034147,0.0263643,0.0206357,0.0154021,0.0118974,0.00894523,0.00680995,0.00528279,0.00401934,0.00291311,0.00254781,0.00193827,0.00133126,0.00122888,0.000852021,0.000723393,0.000529371,0.000443067,0.00021546,0.000151879,0.000332091,0.000101098,0.000150549,8.02358e-05,0.000135714,0.000185021,7.69631e-05,8.07236e-05,9.47566e-05,2.27368e-05,5.0601e-05,5.03717e-05,6.33297e-05,2.59804e-05,0,0,9.15581e-06,1.89567e-05,1.94781e-05,0,0,0,0,0,0,1.0638e-05,0,3.56657e-05,1.1114e-05,3.65102e-05,0,0,6.01173e-05,0,0,0,1.5231e-06,3.32617e-06,0,0,0,0,2.45832e-06,9.22965e-06,2.8639e-06,0,4.37055e-07,0,0,0,0,0,0,0}:
{0,97,0,0,0,0,0,0,0,0,0,5.17113e-05,0.000339639,0.000937834,0.00277537,0.00645601,0.0150084,0.0380456,0.0951798,0.141354,0.142701,0.126851,0.109289,0.0901173,0.0726542,0.057626,0.0454266,0.0365398,0.0275552,0.0211143,0.0168752,0.0123277,0.00971831,0.00735202,0.0057228,0.00463437,0.00363411,0.0024878,0.00219767,0.00152164,0.00137264,0.00086756,0.000656564,0.000581536,0.000575888,0.000293337,0.000351605,0.000225119,0.000266605,0.000154677,0.000131309,0.000165862,7.03074e-05,0.000119562,8.53013e-05,1.51579e-05,9.13204e-05,4.2353e-05,1.67461e-05,8.28214e-05,2.91115e-05,0,3.00472e-05,3.11057e-05,0,3.0083e-05,0,1.00297e-05,3.05491e-05,0,0,0,1.07622e-05,0,0,0,0,0,0,3.75634e-05,0,0,6.09239e-06,0,1.79999e-06,0,2.09607e-06,0,0,0,0,0,0,0,0,0,0,0,0,0}:
{0,97,0,0,0,0,0,0,0,0,0,0,0.000121096,0.000441429,0.00130942,0.0036292,0.00724244,0.0155475,0.0406416,0.0912268,0.135263,0.138295,0.125171,0.108232,0.090783,0.0733937,0.0589619,0.0464296,0.0376156,0.0292409,0.0229417,0.0181009,0.0136139,0.0103656,0.0081461,0.00603786,0.00477518,0.00363828,0.0025645,0.00217365,0.00173462,0.00149031,0.00109829,0.000846877,0.000701078,0.000361139,0.000502705,0.000407224,0.000252808,0.000173695,0.000147981,0.000155877,0.000232765,0.000133524,0.000150551,3.78947e-05,7.92665e-05,0.000137337,7.17028e-05,5.44009e-05,5.57235e-05,4.76885e-05,1.83116e-05,5.00624e-05,0,3.0083e-05,3.28745e-05,0,0,0,0,0,8.14002e-05,0,1.1114e-05,3.65102e-05,0,0,0,0,1.15173e-05,0,1.45662e-05,0,0,1.8915e-06,6.87881e-06,0,8.06764e-06,0,0,0,0,0,0,9.82862e-06,0,0,0,0}:
{0,97,0,0,0,0,0,0,0,0,0,0,0,0.000283821,0.000531558,0.00185317,0.00437311,0.00833836,0.0168466,0.0395604,0.089596,0.126839,0.132438,0.122409,0.106691,0.0898982,0.073811,0.0602901,0.0477904,0.0386039,0.0306037,0.0235456,0.0191384,0.0143871,0.0108261,0.00865926,0.00668986,0.00521454,0.00411927,0.00301216,0.00254067,0.00187248,0.00149739,0.000951748,0.000967019,0.000517586,0.000612028,0.000431562,0.000434817,0.000320943,0.000268751,0.000120348,9.02744e-05,0.000117595,9.79763e-05,5.51881e-05,5.61382e-05,9.27247e-05,8.84488e-05,2.59804e-05,8.87067e-06,9.5377e-05,9.15581e-06,3.79134e-05,4.17002e-05,0,0,3.2915e-05,1.0183e-05,4.44406e-05,3.4374e-05,2.12761e-05,0,2.17356e-05,3.64737e-05,0,2.24232e-05,0,0,0,0,0,2.304e-05,5.45786e-06,1.18143e-05,6.20746e-06,0,0,2.45832e-06,5.62481e-06,0,0,0,0,0,0,0,0,0,0}:
{0,97,0,0,0,0,0,0,0,0,0,0,0,4.92042e-05,0.000229751,0.000735445,0.00212325,0.00503984,0.00955556,0.0182615,0.0418121,0.0859143,0.122518,0.127701,0.117951,0.104874,0.0898452,0.0734382,0.0599663,0.0485264,0.0389379,0.0309657,0.0239305,0.0194973,0.0153072,0.0119653,0.00880628,0.00734496,0.00580459,0.00447359,0.00374442,0.00262891,0.00191626,0.00187137,0.00117405,0.00107814,0.000930238,0.000666089,0.000632972,0.000287069,0.00037207,0.000303569,0.00018908,0.000154466,0.000148472,0.000104933,4.84288e-05,0.000116781,7.77165e-05,5.19608e-05,4.68528e-05,0,6.66705e-05,1.89567e-05,4.17002e-05,2.00554e-05,3.28745e-05,7.58597e-05,1.0183e-05,1.0379e-05,1.04742e-05,1.0638e-05,0,0.000128733,1.1114e-05,4.76354e-05,0,0,0,1.14461e-05,0,0,0,4.98926e-06,0,1.8915e-06,0,2.30722e-06,0,0,0,0,0,0,0,0,0,0,0,0}:
{0,97,0,0,0,0,0,0,0,0,0,0,6.14992e-06,6.56055e-05,8.15002e-05,0.000279064,0.000900312,0.00257608,0.00557696,0.0105638,0.0199524,0.0418575,0.0824197,0.114071,0.123281,0.115588,0.101944,0.0874992,0.0729147,0.0618743,0.0506075,0.0410019,0.0325742,0.0255063,0.0202786,0.0163559,0.0123068,0.009735,0.00774427,0.00603802,0.00462701,0.00365774,0.00268342,0.00232495,0.00197371,0.00124501,0.00106457,0.00107395,0.000623041,0.000665067,0.00053923,0.000484003,0.000365694,0.000274028,0.000124264,0.000255339,8.91482e-05,9.27247e-05,6.33297e-05,0.000156983,2.6612e-05,1.80578e-05,3.9203e-05,6.90191e-05,4.17002e-05,1.00277e-05,2.00347e-05,2.00593e-05,7.70197e-05,4.44406e-05,5.53224e-05,9.10993e-05,1.07622e-05,0,4.75877e-05,1.11252e-05,4.80054e-05,0,1.13821e-05,0,3.77971e-05,1.15603e-05,1.5231e-06,3.32617e-06,0,6.20746e-06,0,0,0,0,2.8639e-06,0,2.86863e-06,3.10103e-06,0,0,0,0,0,0}:
{0,97,0,0,0,0,0,0,0,0,0,0,0,0,2.71667e-05,8.48491e-05,0.000445229,0.00109175,0.00298455,0.00642297,0.0109994,0.0205534,0.0421667,0.0796105,0.109676,0.117711,0.112337,0.102,0.0883283,0.0740641,0.0615514,0.0501949,0.0408409,0.033914,0.0262745,0.0208749,0.0169526,0.0133258,0.00977136,0.00860771,0.00645833,0.00518471,0.00371158,0.00284305,0.00220853,0.00197958,0.00125621,0.00122889,0.000962646,0.000727918,0.000624318,0.000610737,0.000289761,0.000375695,0.000406455,0.000297505,8.48037e-05,0.000249599,8.60896e-05,0.000128562,0.000100077,7.73192e-05,0.000135921,6.90191e-05,7.36614e-05,6.29915e-05,5.29092e-05,3.0089e-05,7.41504e-05,2.0758e-05,0,6.68257e-05,2.15244e-05,1.08678e-05,2.22281e-05,0,1.12116e-05,0,0,3.75634e-05,0,3.79382e-05,1.10908e-05,4.98926e-06,0,0,0,2.30722e-06,0,0,0,0,0,0,0,0,0,0,0,0}:
{0,97,0,0,0,0,0,0,0,0,0,0,0,0,0,1.89169e-05,0.000132368,0.00052174,0.00140466,0.00328567,0.00664149,0.0122528,0.0220112,0.0433912,0.0773634,0.10619,0.11378,0.109479,0.0995346,0.0865532,0.0731697,0.0621167,0.0506072,0.0418304,0.0340374,0.0271469,0.0218734,0.0175102,0.0148321,0.010942,0.00883495,0.00718449,0.00542607,0.00417988,0.00355522,0.00260138,0.0021613,0.00187835,0.00129672,0.00107367,0.000732821,0.000765626,0.000569115,0.00044639,0.000406455,0.000186166,0.000215651,0.000274674,8.37303e-05,0.000171863,8.4835e-05,5.67174e-05,0.000105874,0.000100125,6.11783e-05,2.00554e-05,1.00173e-05,1.00297e-05,3.05491e-05,4.44406e-05,2.09485e-05,4.55496e-05,0,2.17356e-05,1.1114e-05,0,0,3.42155e-05,0,1.14461e-05,1.15173e-05,0,1.30431e-05,3.32617e-06,3.59997e-06,9.99046e-06,0,0,0,2.8124e-06,0,0,4.37055e-07,3.10103e-06,0,0,0,0,0,0}:
{0,97,0,0,0,0,0,0,0,0,0,0,0,0,0,1.17538e-05,1.64964e-05,0.00020139,0.000804459,0.00173956,0.00401916,0.00738802,0.012683,0.0233269,0.0446384,0.0755881,0.102083,0.10892,0.108035,0.0968755,0.0868333,0.0729894,0.0619036,0.0522871,0.0430349,0.0356776,0.0288526,0.0229531,0.0179483,0.0147244,0.0112024,0.00947923,0.00716637,0.00568163,0.00451024,0.00389605,0.00255407,0.00223393,0.00194887,0.00148139,0.00124674,0.00100174,0.000630891,0.00049329,0.000532797,0.000434889,0.000335637,0.000230062,0.000193644,0.000202724,0.000260876,0.00018821,0.000142497,0.000112274,2.92171e-05,0.000171745,7.57664e-05,1.00297e-05,4.36013e-05,0,3.4374e-05,2.12761e-05,4.60812e-05,1.08678e-05,1.1114e-05,0,3.67938e-05,1.14052e-05,8.60885e-05,3.43383e-05,0,4.94985e-05,2.80384e-05,1.5905e-05,3.59997e-06,1.43064e-05,0,9.87899e-06,2.45832e-06,0,0,0,1.87137e-06,0,0,0,0,0,0,0}:
{0,97,0,0,0,0,0,0,0,0,0,0,0,0,0,0,4.09993e-05,0.000127135,0.000245259,0.000823532,0.00223625,0.00443379,0.00796219,0.0139438,0.0242291,0.0435089,0.0745275,0.098203,0.106786,0.102894,0.0965298,0.0844056,0.0732742,0.0614278,0.0531352,0.0429603,0.0363798,0.0289179,0.0236628,0.0190932,0.0147905,0.0119793,0.00991741,0.00706861,0.00596644,0.0046346,0.00365066,0.00275732,0.00245904,0.00165598,0.00150149,0.00128713,0.000941465,0.000684627,0.000627554,0.000503099,0.00032141,0.000405233,0.000315585,0.000311525,0.000243135,0.000122464,0.00018428,5.00624e-05,0.000100134,6.01661e-05,4.00693e-05,7.58597e-05,3.05491e-05,6.51986e-05,0.000155493,1.0638e-05,5.68434e-05,9.00048e-05,0,1.11252e-05,0,0,2.27641e-05,3.43383e-05,1.15173e-05,1.15603e-05,1.60893e-05,8.31544e-06,3.59997e-06,3.783e-06,0,2.30722e-06,0,2.8124e-06,2.8639e-06,0,1.87137e-06,0,0,0,0,0,0,0}:
{0,97,0,0,0,0,0,0,0,0,0,0,0,0,0,1.17538e-05,0,1.78826e-05,0.00016191,0.000367794,0.00105672,0.00247106,0.00477347,0.00868532,0.0149525,0.0253309,0.0450347,0.0722777,0.0924637,0.10374,0.101748,0.0936308,0.083978,0.0741861,0.063209,0.053195,0.043188,0.0367431,0.0306424,0.0251182,0.0193685,0.0164062,0.012707,0.0109208,0.00833075,0.00696606,0.005117,0.00412813,0.00318585,0.00271153,0.00219311,0.00174559,0.00130256,0.00110614,0.000898211,0.000658949,0.000509588,0.000679907,0.000450617,0.000163203,0.000281117,0.00033776,0.000105874,0.000190771,0.000109873,5.29639e-05,0.000108641,7.30337e-05,5.37844e-05,8.88811e-05,5.53224e-05,3.49116e-05,5.68434e-05,9.3067e-05,8.40614e-05,0,1.12116e-05,3.42155e-05,1.13821e-05,3.75634e-05,3.77971e-05,0,1.45662e-05,2.4689e-05,1.77214e-05,0,2.09607e-06,2.27153e-05,8.06764e-06,0,0,0,4.37055e-07,0,0,0,0,0,0,0}:
{0,97,0,0,0,0,0,0,0,0,0,0,0,0,0,0,0,0,3.62122e-05,0.000167487,0.000403994,0.0012501,0.00291169,0.00547163,0.00928922,0.0152773,0.0264251,0.0460546,0.0706645,0.0913303,0.0982889,0.098484,0.0933906,0.082877,0.0724886,0.0621221,0.0536673,0.0447178,0.0363946,0.0304338,0.0252383,0.0195831,0.0161501,0.0131984,0.0104034,0.00911591,0.00692594,0.00526441,0.00415608,0.00330126,0.00285311,0.00201561,0.00148311,0.00157957,0.000998266,0.00104196,0.000817752,0.000548329,0.000578572,0.000326406,0.000340712,0.000217841,0.000163388,0.000116411,0.000102879,0.000136011,7.01213e-05,9.3093e-05,6.39674e-05,3.11371e-05,0.000118168,4.55496e-05,0.000113687,5.74013e-05,2.22281e-05,0,1.12116e-05,4.88342e-05,8.60885e-05,8.33478e-05,2.30346e-05,0,6.09239e-06,1.25788e-05,1.79999e-06,9.99046e-06,8.97489e-06,0,2.45832e-06,9.22965e-06,0,9.85767e-06,0,0,0,0,0,0,0,0}:
{0,97,0,0,0,0,0,0,0,0,0,0,0,0,0,0,0,8.94128e-06,1.81061e-05,4.7059e-05,0.000260405,0.000710516,0.00153591,0.00339384,0.00591159,0.00989297,0.0161718,0.0270446,0.0453413,0.0690766,0.0863897,0.0963184,0.0955945,0.090033,0.0818816,0.0713047,0.0624643,0.054436,0.0453455,0.0378597,0.0317228,0.0256206,0.0202151,0.0168784,0.0138622,0.010781,0.00907048,0.00772615,0.00559327,0.00516407,0.0041706,0.00273293,0.00216331,0.00187257,0.00133116,0.00135985,0.00105317,0.000944303,0.00056548,0.000415447,0.000425547,0.000474341,0.000269262,0.000228685,0.000122357,0.000234736,0.000113013,0.000136038,0,0.000106715,3.4374e-05,9.10993e-05,5.68434e-05,9.00048e-05,3.33421e-05,5.87605e-05,9.60108e-05,6.02394e-05,3.41462e-05,2.28922e-05,9.86288e-05,1.15603e-05,9.13858e-06,1.5905e-05,1.54142e-05,9.99046e-06,0,0,0,2.8124e-06,0,0,0,3.10103e-06,0,0,0,0,0,0}:
{0,97,0,0,0,0,0,0,0,0,0,0,0,0,0,0,0,0,7.85612e-06,1.424e-05,0.000113386,0.000259959,0.000900416,0.00182883,0.00325738,0.00683087,0.0108084,0.0177584,0.027942,0.0450202,0.0656082,0.0859719,0.0933506,0.092023,0.0871979,0.0813984,0.0712668,0.0618342,0.0546395,0.045056,0.0389543,0.0324346,0.0258708,0.0219088,0.0173776,0.0150055,0.0118612,0.00973496,0.00777107,0.00550419,0.00457886,0.00387238,0.00310103,0.00239556,0.00220932,0.00180349,0.0012965,0.000841522,0.000863024,0.000751613,0.000454659,0.000558145,0.000303305,0.000438413,0.000372558,0.000251966,0.000143065,0.000234783,0.000235504,0.000164459,0.000165967,0.000157925,3.22866e-05,3.26035e-05,4.44562e-05,3.65102e-05,2.24232e-05,9.76684e-05,2.27641e-05,2.28922e-05,6.08317e-05,4.62412e-05,3.76062e-05,1.75681e-05,0,1.8915e-06,2.27325e-05,2.30722e-06,2.45832e-06,0,2.8639e-06,3.00377e-06,1.87137e-06,0,0,0,0,0,0,0}:
{0,97,0,0,0,0,0,0,0,0,0,0,0,0,0,0,0,0,2.39387e-06,0,3.93139e-05,0.000114523,0.000292166,0.00104145,0.00203958,0.00419568,0.00657393,0.0111109,0.018185,0.028144,0.0457718,0.0650804,0.0822612,0.090263,0.0912094,0.0871434,0.0791692,0.0710598,0.062482,0.053887,0.0463277,0.0379423,0.0325905,0.0283841,0.0217625,0.0177034,0.0149808,0.0119225,0.00997207,0.00743654,0.00604451,0.00527428,0.00375376,0.00353248,0.00272508,0.00224596,0.00185235,0.00148134,0.00129925,0.000870415,0.00060546,0.000605833,0.000584303,0.000569644,0.000440731,0.000292077,0.000354702,0.000287757,0.000140987,0.000174838,0.000155493,6.68257e-05,0.000110654,4.34713e-05,1.1114e-05,8.10109e-05,0.000158387,0.000109074,6.01173e-05,0,8.71115e-05,1.15603e-05,1.56601e-05,1.87626e-05,1.90142e-05,8.09896e-06,6.87881e-06,1.68007e-05,2.45832e-06,0,9.39866e-06,3.00377e-06,8.74111e-07,0,0,0,0,0,0,0}:
{0,97,0,0,0,0,0,0,0,0,0,0,0,0,0,0,0,0,0,0,1.51012e-05,3.0382e-05,0.000176786,0.000404495,0.00111112,0.00248521,0.00447944,0.00759305,0.0122706,0.0193622,0.0293545,0.0457493,0.0636944,0.0794271,0.0879957,0.0883667,0.0845213,0.078277,0.0705536,0.0632466,0.0534007,0.0461829,0.0390058,0.0330698,0.028478,0.022683,0.0182288,0.0145309,0.0127162,0.00997912,0.00780733,0.00699991,0.00600904,0.00461698,0.0033918,0.00302169,0.00241134,0.00202041,0.00111421,0.000979217,0.00119681,0.00101303,0.000496741,0.00071716,0.000383804,0.000410858,0.000236044,0.00031502,0.000152745,0.000143701,0.000165967,0.000112375,0.000121416,6.82691e-05,0.000103158,5.56259e-05,7.04286e-05,2.28103e-05,0,7.19017e-05,3.77971e-05,8.74368e-05,2.5657e-05,1.21102e-05,1.79999e-06,9.99046e-06,0,0,0,1.20421e-05,0,0,1.43431e-06,0,0,0,0,0,0,0}:
{0,97,0,0,0,0,0,0,0,0,0,0,0,0,0,0,0,0,0,0,1.31046e-05,1.85477e-05,5.85904e-05,0.000214773,0.000539842,0.00129569,0.00246172,0.00469263,0.00773557,0.0123783,0.0200814,0.0309475,0.0452836,0.0629722,0.0771447,0.0843754,0.086511,0.0833641,0.0768759,0.0699379,0.0617939,0.0543313,0.0466415,0.0389704,0.0330501,0.0292138,0.0233643,0.0196868,0.0161512,0.0129458,0.0103151,0.00872832,0.00661059,0.00529964,0.00452814,0.00361595,0.00304526,0.00229304,0.00191025,0.00151079,0.00139809,0.000845673,0.000881032,0.00084572,0.00050616,0.000473849,0.000357525,0.000388054,0.000335759,0.000360055,0.000284135,0.000112375,0.000216611,0.00019394,0.000176105,7.78762e-05,3.36348e-05,9.76684e-05,0,6.04556e-05,0.000147943,4.94985e-05,5.02201e-05,9.97852e-06,7.19994e-06,3.783e-06,2.09607e-06,1.21862e-05,2.45832e-06,2.8124e-06,9.39866e-06,3.00377e-06,1.31117e-06,0,0,0,0,0,0,0}:
{0,97,0,0,0,0,0,0,0,0,0,0,0,0,0,0,0,0,0,0,0,0,3.31505e-05,9.15539e-05,0.000291494,0.000712994,0.00157782,0.00302332,0.00512846,0.00858702,0.0133351,0.0201124,0.0305625,0.0453143,0.0617014,0.0749676,0.0815097,0.0832022,0.0811908,0.0760008,0.069553,0.0616731,0.0549101,0.0465492,0.0405571,0.0341716,0.028273,0.0254939,0.0206424,0.0164776,0.0128415,0.0108944,0.0100505,0.00778163,0.00602461,0.00527662,0.00406857,0.00294189,0.00262835,0.00212762,0.0017263,0.000942447,0.000989738,0.000910602,0.00102604,0.000645594,0.000556321,0.000579892,0.000253,0.000271173,0.000207864,0.000203475,0.000184325,0.000268333,9.20439e-05,0.000198532,3.36348e-05,6.02394e-05,0.00016897,3.43383e-05,7.55942e-05,8.41795e-05,4.78387e-05,3.51362e-05,2.08142e-05,1.80894e-05,6.87881e-06,0,1.0526e-05,0,5.72781e-06,3.00377e-06,8.74111e-07,0,0,0,0,0,0,0}:
{0,97,0,0,0,0,0,0,0,0,0,0,0,0,0,0,0,0,0,0,6.55232e-06,0,1.77293e-05,3.51049e-05,0.000115621,0.000353225,0.000730415,0.00184446,0.00323832,0.00579006,0.00920448,0.0138881,0.0210816,0.0313332,0.0460395,0.0612886,0.0736905,0.0799298,0.0822926,0.0790211,0.0742364,0.0676079,0.0608143,0.0538558,0.0481827,0.0404346,0.0345628,0.0291791,0.0252697,0.0216065,0.0165692,0.0139744,0.0116355,0.00965008,0.00778602,0.00621578,0.00492726,0.00457988,0.00342462,0.00283727,0.00255167,0.00139873,0.00143529,0.00104597,0.00130971,0.000877505,0.00079801,0.000595574,0.00040417,0.000503755,0.000308035,0.000291576,0.000365617,0.000114803,0.000223693,0.000293803,8.16401e-05,4.88342e-05,4.87353e-05,4.57844e-05,8.71115e-05,6.93618e-05,3.43664e-05,3.01469e-05,1.31071e-05,5.6745e-06,6.87881e-06,4.61445e-06,0,0,1.22626e-05,0,4.30294e-06,0,0,0,0,0,0,0}:
{0,97,0,0,0,0,0,0,0,0,0,0,0,0,0,0,0,0,0,0,0,6.18256e-06,1.18196e-05,1.30099e-05,7.12937e-05,0.000164049,0.000409208,0.000908423,0.00201374,0.00362132,0.00611218,0.00946945,0.0143674,0.0214639,0.0316925,0.0463543,0.0598989,0.0709088,0.0791383,0.0796518,0.077986,0.073316,0.0675085,0.0598444,0.0537527,0.0464677,0.0416809,0.0342127,0.0292274,0.0247792,0.0205483,0.0181893,0.0154509,0.0118953,0.0100525,0.00811994,0.0067454,0.00572137,0.00483744,0.00318367,0.00320648,0.00250434,0.0019515,0.00141296,0.00135566,0.00116958,0.000736633,0.000625663,0.000447772,0.000681517,0.000435057,0.000334129,0.000411698,0.000254403,0.000139632,0.000227052,0.000222497,0.000275173,7.14994e-05,0.000120911,0.000147943,2.31206e-05,5.65481e-05,2.42204e-05,7.70712e-06,8.09896e-06,2.09607e-06,0,8.06764e-06,0,0,0,1.31117e-06,3.10103e-06,0,0,0,0,0,0}:
{0,97,0,0,0,0,0,0,0,0,0,0,0,0,0,0,0,0,0,0,0,0,5.90978e-06,1.12898e-05,1.07867e-05,9.68437e-05,0.000227443,0.000493174,0.000965525,0.00232156,0.0039406,0.00657055,0.0105101,0.0155263,0.0216896,0.0323661,0.0448877,0.059144,0.0684674,0.075666,0.0770871,0.0777777,0.0734807,0.0664883,0.0613393,0.0530366,0.0467687,0.0415235,0.0349628,0.0302637,0.0251259,0.0207584,0.0170702,0.0152019,0.0121943,0.0101485,0.00821151,0.00645311,0.00546023,0.00419729,0.00320511,0.00280484,0.002371,0.00157796,0.00160463,0.00102665,0.000868132,0.0011855,0.000732615,0.000524513,0.000577124,0.000425228,0.00025966,0.000322672,0.000260167,0.000393929,0.000166439,0.000146503,0.000154381,0.000158475,0.000272852,0.000110557,7.37313e-05,2.58835e-05,1.72142e-05,3.23958e-05,1.1071e-05,2.30722e-06,2.45832e-06,0,0,1.58652e-05,8.74111e-07,9.44926e-07,0,0,0,0,0,0}:
{0,97,0,0,0,0,0,0,0,0,0,0,0,0,0,0,0,0,0,0,0,0,0,0,5.39333e-06,4.68361e-05,0.000120309,0.000256357,0.000601281,0.00140268,0.00254973,0.004573,0.00707087,0.0108471,0.0157805,0.0229399,0.0327331,0.0451781,0.0563214,0.0667975,0.0737517,0.0765835,0.0734092,0.0710944,0.0665748,0.0592489,0.0519023,0.0463771,0.042102,0.0359974,0.0320759,0.0256373,0.0222507,0.0188368,0.0154503,0.0129133,0.0103511,0.00859584,0.00680843,0.00570894,0.00465392,0.00350071,0.00318536,0.00206083,0.00226209,0.00181673,0.00113987,0.00114848,0.000998668,0.000743792,0.000581696,0.00042223,0.00051932,0.000355276,0.000214298,0.000246167,0.000211286,9.12413e-05,0.000199909,0.000253269,9.86288e-05,0.000156799,6.74033e-05,3.96568e-05,2.80141e-05,9.99046e-06,6.28821e-06,2.30722e-06,4.91664e-06,0,0,3.00377e-06,2.30842e-06,9.44926e-07,1.65727e-06,0,0,0,0,0}:
{0,97,0,0,0,0,0,0,0,0,0,0,0,0,0,0,0,0,0,0,0,0,0,0,0,5.20401e-06,4.65461e-05,0.000150429,0.000346797,0.000632684,0.00145546,0.00242479,0.00500313,0.00789288,0.0111794,0.01606,0.0236701,0.0331383,0.0440968,0.0568132,0.0665972,0.0713125,0.074692,0.0737344,0.0686486,0.0652409,0.0599951,0.0536138,0.0466595,0.0414083,0.0361144,0.0305443,0.0270092,0.022128,0.0177737,0.0156503,0.0131576,0.0106886,0.00890867,0.00708298,0.00593943,0.00514183,0.00433566,0.00383198,0.00264864,0.00250526,0.00152618,0.00150489,0.00106292,0.000973449,0.000919533,0.000571163,0.000646801,0.000603554,0.000469614,0.000389074,0.00016328,0.000206742,0.000237262,0.000169921,0.000197258,0.000133678,7.11143e-05,5.6499e-05,2.72285e-05,1.80894e-05,4.19214e-06,0,4.91664e-06,1.20421e-05,8.59171e-06,3.00377e-06,2.18528e-06,9.44926e-07,0,0,0,0,0,0}:
{0,97,0,0,0,0,0,0,0,0,0,0,0,0,0,0,0,0,0,0,0,0,0,0,0,5.20401e-06,5.04901e-06,4.49295e-05,9.07872e-05,0.000381572,0.000833298,0.00147515,0.00300604,0.00462913,0.00742671,0.011752,0.0164582,0.0242043,0.0319628,0.0442873,0.0552591,0.0647356,0.0698214,0.0717815,0.070954,0.0690863,0.0649561,0.0592684,0.0531367,0.0475926,0.042333,0.0367621,0.0307666,0.0272707,0.022893,0.0188115,0.0163645,0.0131885,0.0114035,0.0094759,0.00712486,0.00663708,0.00572375,0.00402154,0.00370239,0.00308066,0.00246852,0.00172837,0.00167907,0.00142531,0.00103475,0.00114803,0.000710007,0.000767953,0.000580755,0.000528845,0.00024492,0.000369628,0.000289205,0.00026794,0.000236837,0.000282174,0.000128049,5.38987e-05,3.03213e-05,2.05139e-05,2.21419e-05,4.61445e-06,4.91664e-06,1.76669e-05,0,3.00377e-06,8.74111e-07,0,1.65727e-06,0,0,0,0,0}:
{0,97,0,0,0,0,0,0,0,0,0,0,0,0,0,0,0,0,0,0,0,0,0,0,0,0,0,1.30267e-05,8.3159e-05,0.000174583,0.000467164,0.000906462,0.00193904,0.00344623,0.00558918,0.00838596,0.0126419,0.0177327,0.025519,0.0334871,0.0443976,0.0545869,0.0633682,0.0701401,0.0713624,0.0695298,0.067683,0.0640563,0.0583889,0.0557614,0.0477381,0.0434914,0.0369375,0.0307816,0.0279797,0.023157,0.019675,0.0177044,0.0135956,0.012033,0.00954847,0.00785039,0.00581156,0.00497325,0.00492197,0.00395124,0.00280756,0.00245871,0.00236207,0.00160628,0.000994473,0.000900649,0.000831126,0.000781883,0.000729781,0.000754483,0.000493,0.000343604,0.000237262,0.000241822,0.000225319,0.000217857,0.000106768,8.28511e-05,2.5707e-05,3.86033e-05,6.28821e-06,4.61445e-06,1.29843e-05,9.22965e-06,5.72781e-06,0,1.87137e-06,0,0,0,0,0,0,0}:
{0,97,0,0,0,0,0,0,0,0,0,0,0,0,0,0,0,0,0,0,0,0,0,0,0,0,0,1.45479e-05,2.65593e-05,9.33896e-05,0.000251,0.00053236,0.00118137,0.00205783,0.00357552,0.00534371,0.00881065,0.0125251,0.0181708,0.0253578,0.0350494,0.0437625,0.0539645,0.062438,0.0664479,0.0705806,0.0686004,0.0662833,0.0632081,0.0581713,0.053759,0.0478506,0.0416332,0.0359038,0.0322792,0.0290758,0.0254586,0.0208774,0.0171969,0.0142529,0.0120194,0.00998201,0.00881381,0.00721072,0.00524611,0.00385872,0.00327246,0.00343486,0.00289732,0.00226383,0.00171662,0.00148216,0.00136894,0.0008053,0.000885378,0.000771878,0.00057464,0.000475488,0.000372086,0.000290832,0.000277879,0.00022616,0.000147421,7.64561e-05,4.39355e-05,9.4575e-06,4.06823e-05,1.21862e-05,4.91664e-06,2.8124e-06,0,1.28614e-05,3.30568e-06,0,0,0,0,0,0,0}:
{0,97,0,0,0,0,0,0,0,0,0,0,0,0,0,0,0,0,0,0,0,0,0,0,0,0,0,0,1.50202e-05,4.23702e-05,0.000118324,0.000245859,0.00056809,0.00119069,0.00205307,0.00385367,0.0061432,0.00912087,0.0137744,0.0192233,0.0244275,0.0344382,0.0445696,0.0531136,0.0595817,0.0642988,0.0677799,0.0686604,0.0650504,0.0622004,0.0573639,0.0521789,0.0487339,0.0434166,0.0385035,0.0324638,0.0274707,0.0231557,0.0214025,0.0176385,0.0145185,0.0132218,0.0111989,0.00878894,0.00703975,0.00539339,0.00423202,0.00405514,0.00309052,0.00231469,0.00226394,0.00192566,0.00160238,0.00109537,0.000972571,0.00102745,0.000973054,0.000769942,0.000469557,0.000351288,0.000404569,0.00020304,0.000231149,7.2404e-05,5.93498e-05,4.04948e-05,2.4238e-05,6.92167e-06,1.22916e-05,2.8124e-06,0,3.00377e-06,4.61685e-06,0,0,0,0,0,0,0}:
{0,97,0,0,0,0,0,0,0,0,0,0,0,0,0,0,0,0,0,0,0,0,0,0,0,0,0,4.99217e-06,5.00674e-06,1.68605e-05,4.66512e-05,0.000160128,0.000358652,0.000685168,0.00142034,0.00233861,0.00434093,0.00624479,0.00982484,0.0134859,0.0190769,0.0264204,0.0339583,0.042566,0.0524338,0.06074,0.0649004,0.0655737,0.0653157,0.0637382,0.0603908,0.0575872,0.0523386,0.0472621,0.0423477,0.040075,0.0327054,0.029285,0.024492,0.020669,0.0190671,0.0163023,0.0124295,0.0102955,0.0086511,0.00732452,0.00582184,0.00464379,0.00368974,0.00333843,0.00277365,0.00221589,0.00179913,0.00170673,0.00128033,0.00100864,0.00077298,0.000791303,0.00056382,0.000540875,0.000593555,0.000278916,0.000207015,0.000102808,4.01068e-05,3.99618e-05,1.3167e-05,1.91079e-05,8.06764e-06,1.76669e-05,9.39866e-06,3.00377e-06,8.74111e-07,0,0,0,0,0,0,0}:
{0,97,0,0,0,0,0,0,0,0,0,0,0,0,0,0,0,0,0,0,0,0,0,0,0,0,0,0,1.00135e-05,5.10194e-06,2.77616e-05,3.18842e-05,0.000164204,0.000336772,0.000833699,0.0013729,0.00271645,0.00445923,0.00666919,0.0101362,0.0136905,0.0200082,0.0265063,0.0353012,0.0422981,0.0512105,0.0577224,0.0618723,0.0640979,0.0634969,0.0631049,0.0594495,0.0561695,0.0523033,0.0452501,0.0420597,0.0387197,0.0330789,0.0281182,0.0246768,0.0205365,0.018422,0.0149754,0.0121405,0.0103084,0.00936441,0.00726716,0.00578479,0.00486124,0.00449842,0.00348693,0.00248154,0.00256735,0.00192072,0.00145502,0.00130871,0.00120676,0.00107965,0.000878996,0.00053765,0.000619835,0.000412594,0.000210061,9.44927e-05,3.62284e-05,1.80894e-05,4.06823e-05,2.30722e-06,1.54426e-05,2.97089e-05,9.39866e-06,6.00754e-06,8.74111e-07,0,1.65727e-06,0,0,0,0,0}:
{0,97,0,0,0,0,0,0,0,0,0,0,0,0,0,0,0,0,0,0,0,0,0,0,0,0,0,0,0,5.10194e-06,1.04668e-05,8.55254e-06,4.40169e-05,0.000193372,0.000474271,0.000943999,0.00168728,0.0025884,0.00462147,0.00691214,0.0111077,0.0144228,0.0202429,0.0276432,0.0342285,0.042918,0.0499268,0.0578237,0.0611049,0.061517,0.0641049,0.062152,0.0601719,0.0545562,0.0528613,0.0473928,0.0439863,0.0390741,0.0335319,0.0298291,0.0267508,0.0211099,0.0177992,0.015563,0.0129184,0.0111448,0.00894121,0.00695643,0.00673379,0.00533298,0.00444246,0.00344767,0.00334769,0.0024978,0.00207538,0.00141824,0.00145658,0.00128141,0.00106111,0.000666783,0.000559003,0.000630452,0.00031964,0.000106603,5.65354e-05,4.56363e-05,3.32129e-05,1.21862e-05,2.45832e-06,0,2.08543e-05,0,1.31117e-06,9.44926e-07,0,0,0,0,0,0}:
{0,97,0,0,0,0,0,0,0,0,0,0,0,0,0,0,0,0,0,0,0,0,0,0,0,0,0,0,0,1.55463e-06,0,8.55254e-06,3.50656e-05,0.000143125,0.000261392,0.000505708,0.000967047,0.0020442,0.00312239,0.00468808,0.00784231,0.0113082,0.015255,0.0202849,0.0273501,0.0352786,0.0429807,0.0502811,0.05605,0.0594137,0.060909,0.0632193,0.0608138,0.0582278,0.0544724,0.0513246,0.0453407,0.0413559,0.0393279,0.0332113,0.0296107,0.026589,0.0214837,0.0187217,0.0149255,0.012832,0.0113822,0.00932404,0.00794788,0.00594769,0.00563728,0.00527429,0.00383942,0.00301135,0.00223097,0.00205521,0.0018182,0.00149634,0.00151432,0.00117477,0.00119863,0.000612377,0.000348385,0.000137476,6.83497e-05,2.37639e-05,8.38428e-06,3.9516e-05,4.91664e-06,1.84593e-05,3.10599e-05,9.85767e-06,3.18253e-06,0,0,0,0,0,0,0}:
{0,97,0,0,0,0,0,0,0,0,0,0,0,0,0,0,0,0,0,0,0,0,0,0,0,0,0,0,0,0,3.18937e-06,1.06281e-05,5.5618e-06,5.96396e-05,0.000129606,0.000312393,0.000657493,0.00102569,0.00224248,0.00326821,0.00525013,0.00755651,0.011817,0.0160894,0.0216864,0.0270545,0.0355417,0.042134,0.0494918,0.0537249,0.0587961,0.0609087,0.0610649,0.0585727,0.0579312,0.05519,0.0505628,0.048776,0.0414702,0.0374561,0.0324878,0.0295045,0.0240435,0.0208745,0.0194094,0.0167614,0.0141235,0.011854,0.00995382,0.00789459,0.00702948,0.00558415,0.00491035,0.00396237,0.00358597,0.00286673,0.00230661,0.00181392,0.0015584,0.00133357,0.000859916,0.000780736,0.000455111,0.000144128,4.11212e-05,3.80703e-05,2.90207e-05,2.43724e-05,2.35102e-05,1.48545e-05,3.10599e-05,0,4.61685e-06,0,0,0,0,0,0,0}:
{0,97,0,0,0,0,0,0,0,0,0,0,0,0,0,0,0,0,0,0,0,0,0,0,0,0,0,0,0,0,0,0,0,1.75087e-05,6.81673e-05,0.00016048,0.000296422,0.000544808,0.00132971,0.00234723,0.00384208,0.00551406,0.00888644,0.011837,0.0170758,0.0219727,0.0283531,0.0357321,0.0421455,0.0477882,0.0528195,0.0555683,0.0592436,0.060699,0.0582099,0.0544459,0.0544513,0.0496165,0.0470685,0.0430261,0.0376503,0.0326041,0.0298991,0.0253366,0.0218441,0.0177438,0.0166709,0.0142509,0.0114703,0.0105515,0.0081166,0.00743834,0.00570616,0.00420314,0.00413338,0.00323386,0.00287289,0.00259029,0.00186395,0.0013858,0.00154058,0.0012031,0.000587494,0.000178796,5.01211e-05,5.13108e-05,8.38428e-06,1.38433e-05,2.10519e-05,9.22965e-06,2.8639e-06,0,2.74548e-06,0,0,0,0,0,0,0}:
{0,97,0,0,0,0,0,0,0,0,0,0,0,0,0,0,0,0,0,0,0,0,0,0,0,0,0,0,0,0,0,0,7.25656e-06,2.10655e-05,4.47355e-05,0.000136778,0.000147425,0.000419351,0.000757235,0.0013448,0.00247071,0.003519,0.00600308,0.00854025,0.0126653,0.0168746,0.0216133,0.0278877,0.0338867,0.0426499,0.0485156,0.0531406,0.0573763,0.0593886,0.0606254,0.0577237,0.0536542,0.0533154,0.049846,0.0458722,0.0436957,0.0377743,0.0340923,0.0311966,0.0263798,0.0237601,0.019563,0.0172278,0.0138817,0.0120141,0.0109394,0.00800051,0.00862533,0.00615311,0.00440497,0.00391987,0.00303159,0.00246194,0.00232854,0.00197391,0.00142897,0.00108929,0.000690122,0.00017048,6.37354e-05,5.32023e-05,3.53089e-05,2.73297e-05,1.29843e-05,1.48545e-05,0,6.00754e-06,2.74548e-06,9.44926e-07,0,2.99492e-06,0,0,0,0}:
{0,97,0,0,0,0,0,0,0,0,0,0,0,0,0,0,0,0,0,0,0,0,0,0,0,0,0,0,0,0,0,0,0,1.16725e-05,1.88832e-06,2.62677e-05,0.000102137,0.000125087,0.000425546,0.000712584,0.00147824,0.00258728,0.00431211,0.00662554,0.00906663,0.0122428,0.0173698,0.0217265,0.0283112,0.0357971,0.0419198,0.0472384,0.0511148,0.0562825,0.0549837,0.0571538,0.056648,0.0542665,0.0557781,0.0503233,0.045586,0.0418381,0.0374342,0.0332573,0.0305289,0.0266159,0.0221175,0.0188919,0.0176596,0.0141222,0.0129025,0.0100459,0.00860576,0.008027,0.00595142,0.00497129,0.00438552,0.0029114,0.00310365,0.00241532,0.00204232,0.00168506,0.000890186,0.000291068,9.04567e-05,8.61311e-05,6.49203e-05,0,2.10519e-05,2.12717e-05,5.72781e-06,0,6.48822e-06,9.44926e-07,0,0,0,0,0,0}:
{0,97,0,0,0,0,0,0,0,0,0,0,0,0,0,0,0,0,0,0,0,0,0,0,0,0,0,0,0,0,0,0,1.69476e-06,0,0,3.48356e-05,2.37384e-05,8.27164e-05,0.000218014,0.000477208,0.000966037,0.00164411,0.0028702,0.004042,0.00656774,0.00904109,0.0138944,0.0170286,0.023234,0.0287802,0.0356368,0.0406853,0.0459098,0.0522698,0.0547503,0.0558442,0.0568245,0.0564265,0.0532628,0.049927,0.0496106,0.0464377,0.0416116,0.0395347,0.0328248,0.0306856,0.027025,0.0230502,0.019449,0.0182308,0.0152221,0.0127162,0.0106767,0.00849936,0.00761619,0.00686417,0.00499553,0.0044826,0.00384782,0.00241677,0.0024516,0.0024969,0.00111458,0.000363472,9.66423e-05,7.93907e-05,4.27784e-05,5.46595e-05,1.85936e-05,2.40841e-05,1.22626e-05,0,4.05665e-06,0,0,0,0,0,0,0}:
{0,97,0,0,0,0,0,0,0,0,0,0,0,0,0,0,0,0,0,0,0,0,0,0,0,0,0,0,0,0,0,0,0,0,6.19703e-06,0,4.5288e-05,4.40907e-05,0.000118917,0.000306822,0.000596598,0.000980068,0.00165573,0.00246293,0.00424667,0.00672765,0.00999061,0.013183,0.0186848,0.0240751,0.0284628,0.0339486,0.0412714,0.0472529,0.0503053,0.0535753,0.0554189,0.0561551,0.0551032,0.0549127,0.0518709,0.046573,0.0458879,0.0426041,0.0369117,0.0322751,0.0311856,0.0271022,0.0232305,0.0192992,0.0180065,0.0161145,0.012794,0.00993439,0.00823655,0.0071332,0.00640095,0.00559583,0.00478549,0.00304276,0.00260132,0.00261755,0.00127676,0.000417159,0.000149299,7.93907e-05,3.32129e-05,4.64376e-05,4.07185e-05,1.84593e-05,2.8639e-06,0,7.79938e-06,0,0,0,0,0,0,0}:
{0,97,0,0,0,0,0,0,0,0,0,0,0,0,0,0,0,0,0,0,0,0,0,0,0,0,0,0,0,0,0,0,0,0,0,8.56794e-06,7.1832e-06,2.59754e-05,8.52569e-05,0.000166322,0.000328788,0.000541988,0.00127266,0.00169217,0.00308528,0.00486786,0.00711682,0.0101034,0.0135152,0.0187464,0.0228108,0.0293087,0.0356369,0.0399648,0.0454634,0.0480788,0.0526486,0.0532302,0.0564668,0.0522105,0.0552981,0.0518154,0.0491437,0.0461172,0.0416269,0.0379119,0.0336297,0.0311123,0.0258668,0.0230749,0.0199221,0.0186664,0.0155366,0.0126587,0.011038,0.0094913,0.00783683,0.00676206,0.00535749,0.00449224,0.00410557,0.00347237,0.00156364,0.000376097,0.000121056,4.32119e-05,4.90666e-05,4.93949e-05,1.22916e-05,1.84593e-05,2.16612e-05,1.8869e-05,3.61959e-06,4.99088e-06,0,0,0,0,0,0}:
{0,97,0,0,0,0,0,0,0,0,0,0,0,0,0,0,0,0,0,0,0,0,0,0,0,0,0,0,0,0,0,0,0,0,0,0,0,2.35803e-05,2.24398e-05,8.55914e-05,0.000124179,0.000252802,0.000766598,0.00107644,0.00211749,0.003802,0.00498555,0.0075335,0.0104092,0.0142691,0.0187541,0.0239552,0.0292338,0.0339842,0.0409836,0.0466248,0.0494199,0.0504266,0.0532606,0.0565542,0.0538051,0.0556509,0.0512652,0.0480824,0.0475848,0.0422793,0.0379726,0.0340596,0.0289923,0.0261661,0.0225671,0.0206791,0.0189099,0.0156378,0.0139244,0.01238,0.00914246,0.007301,0.0071461,0.0053562,0.00457778,0.00402841,0.00191237,0.000483637,0.000199928,6.69758e-05,5.86321e-05,4.11731e-05,2.10519e-05,8.43721e-06,1.51265e-05,2.48765e-05,3.18253e-06,0,1.65727e-06,0,0,0,0,0}:
{0,97,0,0,0,0,0,0,0,0,0,0,0,0,0,0,0,0,0,0,0,0,0,0,0,0,0,0,0,0,0,0,0,0,0,0,2.18882e-06,0,5.24079e-06,5.57063e-05,0.000170151,0.000217363,0.000461956,0.000817636,0.00141415,0.00217198,0.00335134,0.00539487,0.0082942,0.0112332,0.0154527,0.0192112,0.0220603,0.0293974,0.0354651,0.0394841,0.0448166,0.0491833,0.0504122,0.0531921,0.0524191,0.052832,0.0532878,0.0504023,0.047743,0.0455542,0.0412444,0.036939,0.0337358,0.0306757,0.0283596,0.0245721,0.0207819,0.0181147,0.016212,0.0138524,0.0111498,0.00925179,0.00833241,0.00676022,0.0061148,0.00462776,0.00236139,0.000626056,0.000235878,8.88482e-05,9.96386e-05,2.66796e-05,3.40362e-05,3.61262e-05,1.22626e-05,3.00377e-06,6.80212e-06,0,4.97182e-06,0,0,0,0,0}:
{0,97,0,0,0,0,0,0,0,0,0,0,0,0,0,0,0,0,0,0,0,0,0,0,0,0,0,0,0,0,0,0,0,0,0,0,0,0,0,3.71375e-05,3.66821e-05,7.85337e-05,0.000254849,0.000478352,0.000980856,0.00135321,0.00245024,0.00358839,0.00548798,0.00757905,0.0114688,0.0150623,0.0190779,0.0231264,0.0296659,0.0342322,0.0396638,0.0426776,0.0468605,0.0521296,0.0541587,0.0522585,0.0532183,0.0510297,0.0521156,0.0474159,0.0449647,0.0404295,0.038738,0.03381,0.0305234,0.0267403,0.0240906,0.0208772,0.0176178,0.0150091,0.0136674,0.010735,0.00959054,0.00813748,0.00750241,0.00584064,0.00298567,0.000844251,0.000243863,0.000108829,8.43755e-05,2.43724e-05,1.54426e-05,3.05014e-05,5.72781e-06,1.97153e-05,2.74548e-06,0,0,0,0,0,0,0}:
{0,97,0,0,0,0,0,0,0,0,0,0,0,0,0,0,0,0,0,0,0,0,0,0,0,0,0,0,0,0,0,0,0,0,0,0,0,0,0,2.13978e-05,2.65193e-05,9.90893e-05,5.86538e-05,0.000246609,0.000467564,0.00104945,0.00152,0.00252435,0.00408157,0.00570833,0.00849722,0.0120024,0.0147186,0.0198194,0.02483,0.0294695,0.0348478,0.0400679,0.0446883,0.0482365,0.0510387,0.0516057,0.0527673,0.0508519,0.0505592,0.0480556,0.0469016,0.0437723,0.0419672,0.0376301,0.0332254,0.0308889,0.0273383,0.0244918,0.0211727,0.0181874,0.0158269,0.0135516,0.0126381,0.00963628,0.0079451,0.00754051,0.00370154,0.000991962,0.000369484,0.000111787,5.83657e-05,5.63166e-05,2.10519e-05,3.89386e-05,1.71834e-05,1.58652e-05,4.93076e-06,9.44926e-07,0,0,0,0,4.43046e-05,0}:
{0,97,0,0,0,0,0,0,0,0,0,0,0,0,0,0,0,0,0,0,0,0,0,0,0,0,0,0,0,0,0,0,0,0,0,0,0,7.8601e-06,0,0,3.04886e-05,2.20198e-05,5.13798e-05,0.000175441,0.000417618,0.000553417,0.000995034,0.00155008,0.00296685,0.00447166,0.00626212,0.00864907,0.0123483,0.0149853,0.0196994,0.0249501,0.0309636,0.0345548,0.0387876,0.0427776,0.0478133,0.0493519,0.0515248,0.0528808,0.0501532,0.0512484,0.0485265,0.0450483,0.0447501,0.041186,0.0363716,0.0333146,0.0291266,0.0274049,0.0233341,0.0211539,0.0183476,0.0161355,0.0135373,0.0119336,0.0102909,0.00865145,0.00451428,0.00119638,0.000330213,0.000134725,0.000107108,5.50164e-05,1.0526e-05,5.62481e-06,2.37182e-05,3.00377e-06,4.05665e-06,0,0,0,0,0,0,0}:
{0,97,0,0,0,0,0,0,0,0,0,0,0,0,0,0,0,0,0,0,0,0,0,0,0,0,0,0,0,0,0,0,0,0,0,0,0,0,8.59952e-06,2.82908e-06,0,1.10099e-05,9.08239e-05,3.31062e-05,0.000108324,0.000460205,0.000811913,0.0012124,0.00205416,0.00301656,0.00466439,0.00601994,0.0096024,0.0129476,0.0155095,0.0191573,0.0256687,0.0297373,0.0345048,0.0401926,0.041337,0.0457762,0.0501989,0.0512171,0.0516237,0.0512635,0.0494525,0.0485541,0.0465835,0.0442503,0.0430421,0.0378454,0.0345706,0.0303969,0.0281762,0.0257007,0.0225135,0.019651,0.0170863,0.0139114,0.0120388,0.00986758,0.00553419,0.00134051,0.000330998,0.00015039,0.000101735,8.76107e-05,1.47499e-05,8.43721e-06,2.08543e-05,1.58652e-05,9.2337e-06,9.44926e-07,0,0,0,0,0,0}:
{0,97,0,0,0,0,0,0,0,0,0,0,0,0,0,0,0,0,0,0,0,0,0,0,0,0,0,0,0,0,0,0,0,0,0,0,0,0,0,0,0,0,4.30811e-05,1.65531e-05,9.44865e-05,0.000300478,0.000273684,0.000655266,0.0012952,0.00225313,0.00313162,0.00450785,0.00675308,0.00975765,0.0122818,0.0162716,0.0197533,0.0250219,0.0303011,0.0338744,0.037906,0.0418861,0.0447172,0.0492376,0.0505132,0.0513281,0.0523631,0.0500611,0.0485187,0.0457477,0.0417499,0.0403716,0.0369834,0.033167,0.0309773,0.0272765,0.0260648,0.0210333,0.0191416,0.0161057,0.0142881,0.0117065,0.00641588,0.0015811,0.000499769,0.000203059,9.69519e-05,8.42965e-05,1.79009e-05,6.02103e-05,1.22626e-05,3.00377e-06,5.0539e-06,0,0,0,0,0,0,0}:
{0,97,0,0,0,0,0,0,0,0,0,0,0,0,0,0,0,0,0,0,0,0,0,0,0,0,0,0,0,0,0,0,0,0,0,0,0,0,0,0,1.01629e-05,0,1.19357e-05,6.23464e-05,8.1837e-05,0.000178576,0.000242283,0.00048823,0.000629255,0.00113416,0.00215709,0.00339836,0.00532031,0.00712512,0.00995336,0.0133243,0.0156433,0.0194428,0.0239393,0.0286893,0.0336671,0.0389883,0.0424767,0.0454961,0.0475974,0.049381,0.0497148,0.0519453,0.0501558,0.0470531,0.0443445,0.0434063,0.0425245,0.0373974,0.0331809,0.0295419,0.0279928,0.0249,0.0228841,0.0181858,0.0162617,0.014857,0.00761399,0.00216638,0.000579197,0.000248936,8.52904e-05,8.29963e-05,4.63278e-05,1.76669e-05,1.79904e-05,9.01131e-06,6.80212e-06,0,0,0,0,0,0,0}:
{0,97,0,0,0,0,0,0,0,0,0,0,0,0,0,0,0,0,0,0,0,0,0,0,0,0,0,0,0,0,0,0,0,0,0,0,0,0,0,0,0,0,2.38714e-05,3.80614e-05,1.26495e-05,0.000118622,7.7302e-05,0.000261696,0.000558456,0.000793297,0.00155747,0.00278483,0.00323686,0.0053084,0.00724719,0.0100663,0.0127745,0.0174045,0.0210648,0.0268326,0.0288294,0.0352452,0.0378863,0.0400284,0.0457608,0.0475257,0.049106,0.0491505,0.0494156,0.0479571,0.0481777,0.0469123,0.0409065,0.0417827,0.0357913,0.033613,0.029872,0.0289756,0.0230085,0.0228459,0.0194202,0.0166212,0.00900299,0.00252896,0.000745432,0.000274351,0.000123286,8.76107e-05,3.15779e-05,1.12496e-05,3.23099e-05,3.55806e-05,9.7939e-06,0,0,0,0,0,0,0}:
{0,97,0,0,0,0,0,0,0,0,0,0,0,0,0,0,0,0,0,0,0,0,0,0,0,0,0,0,0,0,0,0,0,0,0,0,0,0,0,0,0,0,0,2.53743e-05,1.38375e-05,8.99315e-05,0.000131586,0.000140505,0.000429435,0.000765954,0.000899982,0.00147773,0.00238858,0.0034838,0.00564839,0.0075673,0.00997493,0.0140746,0.0167884,0.0195384,0.0248348,0.0295423,0.0328535,0.0385627,0.0422702,0.0438822,0.0477828,0.0486953,0.0506958,0.0488712,0.0497056,0.0462533,0.0468066,0.0425132,0.0393901,0.0363907,0.0345631,0.0310764,0.0286411,0.0252633,0.021987,0.0193712,0.0110032,0.00301435,0.000822553,0.000320761,0.000149029,4.51374e-05,5.37028e-05,1.48545e-05,2.7389e-05,1.28614e-05,6.80212e-06,1.88985e-06,0,0,6.50493e-06,0,0,0}:
{0,97,0,0,0,0,0,0,0,0,0,0,0,0,0,0,0,0,0,0,0,0,0,0,0,0,0,0,0,0,0,0,0,0,0,0,0,0,0,0,0,0,0,0,0,4.9533e-05,5.29093e-05,0.000130459,0.00014365,0.000297763,0.000586569,0.00116319,0.00173106,0.0023816,0.00344364,0.00559707,0.00742243,0.0102147,0.0136506,0.0171005,0.0199289,0.0249709,0.0295137,0.0343751,0.0378204,0.0414752,0.0437468,0.0450798,0.0475551,0.0490611,0.0487573,0.0478384,0.0465269,0.0440747,0.0436162,0.0399825,0.03776,0.0338238,0.0305392,0.0285655,0.0248036,0.0217472,0.0124236,0.00364471,0.00091126,0.000281917,0.000157089,8.59536e-05,5.37028e-05,3.25213e-05,2.08543e-05,1.58652e-05,1.0231e-05,3.10103e-06,0,0,0,0,0,0}:
{0,97,0,0,0,0,0,0,0,0,0,0,0,0,0,0,0,0,0,0,0,0,0,0,0,0,0,0,0,0,0,0,0,0,0,0,0,0,0,0,0,0,1.19357e-05,0,1.8054e-05,4.9533e-05,3.20205e-05,0.00013909,0.000231964,0.000493005,0.000782668,0.00160429,0.00281502,0.00448041,0.00799391,0.0124906,0.0186761,0.0269185,0.0358162,0.0506474,0.0667056,0.0861521,0.109462,0.134119,0.161199,0.191764,0.220776,0.25112,0.2741,0.30346,0.320606,0.339209,0.350502,0.359892,0.366311,0.362695,0.35458,0.339299,0.329057,0.31701,0.295766,0.277738,0.187235,0.0681058,0.0203982,0.00598202,0.00202164,0.000980518,0.000534189,0.000371004,0.000186438,0.000219574,7.81846e-05,1.80737e-05,1.65727e-06,2.99492e-06,0,0,0,0}:
{0,97,0,0,0,0,0,0,0,0,0,0,0,0,0,0,0,0,0,0,0,0,0,0,0,0,0,0,0,0,0,0,0,0,0,0,0,0,0,0,0,0,0,0,0,0,0,0,1.76627e-05,0,0,6.3861e-06,1.33113e-05,0.000126543,0.000289568,0.000285655,0.000414903,0.00121118,0.00189929,0.00324162,0.0052189,0.00794502,0.0123088,0.0177385,0.0237689,0.0335406,0.0459732,0.0593781,0.0773794,0.0953708,0.114629,0.136815,0.161907,0.189578,0.217348,0.242303,0.262616,0.291708,0.306806,0.320955,0.329138,0.339723,0.316786,0.190028,0.0756499,0.023586,0.00748506,0.00281089,0.00119853,0.000722679,0.000428462,0.000318615,0.000143055,2.80554e-05,5.43878e-06,5.98984e-06,6.50493e-06,0,0,0}:
{0,97,0,0,0,0,0,0,0,0,0,0,0,0,0,0,0,0,0,0,0,0,0,0,0,0,0,0,0,0,0,0,0,0,0,0,0,0,0,0,0,0,0,0,0,0,0,0,0,0,0,0,0,0,0,0,2.53005e-05,8.01871e-06,8.37303e-06,5.44009e-05,5.57235e-05,0.000143065,0.000270678,0.000709148,0.00134592,0.00225329,0.00363098,0.00639604,0.0074304,0.011848,0.0191218,0.0245541,0.0326672,0.045775,0.0554927,0.0719029,0.0944827,0.116825,0.14037,0.170698,0.205195,0.235147,0.391877,0.566127,0.484143,0.275719,0.116139,0.039222,0.0140563,0.00529642,0.00270699,0.0016925,0.000513682,8.86246e-05,2.5793e-05,1.28235e-05,0,0,0,0}:
{0,97,0,0,0,0,0,0,0,0,0,0,0,0,0,0,0,0,0,0,0,0,0,0,0,0,0,0,0,0,0,0,0,0,0,0,0,0,0,0,0,0,0,0,0,0,0,0,0,0,0,0,0,0,0,0,0,0,0,0,0,0,0,0,0,0,0,3.2915e-05,0,0,1.04742e-05,1.0638e-05,0.000102925,4.34713e-05,0.000195202,0.000419314,0.000616327,0.00112495,0.00170284,0.00225507,0.00407929,0.00542951,0.027609,0.150078,0.375661,0.526286,0.466149,0.286647,0.131482,0.0516083,0.018257,0.00733293,0.00131086,0.000130468,4.28327e-05,1.28235e-05,0,1.68984e-05,0,0}:
{0,97,0,0,0,0,0,0,0,0,0,0,0,0,0,0,0,0,0,0,0,0,0,0,0,0,0,0,0,0,0,0,0,0,0,0,0,0,0,0,0,0,0,0,0,0,0,0,0,0,0,0,0,0,0,0,0,0,0,0,0,0,0,0,0,0,0,0,0,0,0,0,0,0,0,0,0,0,0,0,0,0,0.000116142,0.00419521,0.0373379,0.158546,0.359131,0.49133,0.451314,0.289049,0.147383,0.0622538,0.00608458,0.000297417,4.23658e-05,4.44604e-05,2.78526e-05,0,0,0}:
{0,97,0,0,0,0,0,0,0,0,0,0,0,0,0,0,0,0,0,0,0,0,0,0,0,0,0,0,0,0,0,0,0,0,0,0,0,0,0,0,0,0,0,0,0,0,0,0,0,0,0,0,0,0,0,0,0,0,0,0,0,0,0,0,0,0,0,0,0,0,0,0,0,0,0,0,0,0,0,0,0,0,0,4.98926e-06,0.000359012,0.0070072,0.0465427,0.167303,0.343966,0.465407,0.429714,0.292205,0.0375681,0.000414123,0.000123737,1.79695e-05,0,0,0,0}:
{0,97,0,0,0,0,0,0,0,0,0,0,0,0,0,0,0,0,0,0,0,0,0,0,0,0,0,0,0,0,0,0,0,0,0,0,0,0,0,0,0,0,0,0,0,0,0,0,0,0,0,0,0,0,0,0,0,0,0,0,0,0,0,0,0,0,0,0,0,0,0,0,0,0,0,0,0,0,0,0,0,0,0,0,0,2.3231e-05,0.000868167,0.0104846,0.0549989,0.172366,0.33363,0.436655,0.128633,0.000759757,0.000132023,4.74554e-05,3.43575e-05,1.68984e-05,0,0};
>
