energy(#dis_anut)<
@energy =
{0,97,0,0,0,0,0,0,0,0,0,0,0,0,0,0,0,0,0,0,0,0,0,0,0,0,0,0,0,0,0,0,0,0,0,0,0,0,0,0,0,0,0,0,0,0,0,0,0,0,0,0,0,0,0,0,0,0,0,0,0,0,0,0,0,0,0,0,0,0,0,0,0,0,0,0,0,0,0,0,0,0,0,0,0,0,0,0,0,0,0,0,0,0,0,0,0,0,0,0}:
{0,97,0,0,0,0,0,0,0,0,0,0,0,0,0,0,0,0,0,0,0,0,0,0,0,0,0,0,0,0,0,0,0,0,0,0.000801327,0,0.000635393,0.00048065,0,0,0,0,0.000112077,0,0,0,0,0.00011177,0,0,0,0,0,0,0,0,0,0,0,0,0,0,0,0,0,0,0,0,0,0,0,0,0,0,0,0,0,0,0,0,0,0,1.27353e-05,0,0,4.42394e-05,0,0,0,0,0,0,0,0,0,0,0,0,0}:
{0,97,0,0,0,0,0,0,0,0,0,0,0,0,0,0,0,0,0,0,0,0,0,0,0,0,0,0,0,0,0,0,0,0,0.000339927,0,0,0.000829006,0.00048065,0,0.000415562,0,0,0.000367812,0,0.000367826,0.000479805,0.00036137,0,0.000110308,0,0.000108762,0,0.000113663,0.000114847,0.00049209,0,0,0.00039414,0,0.000116331,0.000120454,0.000239286,0,0,0,0,0.000114978,0.000115379,0,0,0.000361426,0.000108385,0,0.000346535,0,0.000106513,0.00034933,0,0,0,0,9.61564e-05,6.72649e-05,0.000181851,2.57161e-05,0,0,0,0,1.57825e-05,0,2.03785e-06,1.22693e-05,0,0,0,0,0,0}:
{0,97,0,0,0,0,0,0,0,0,0,0,0,0,0,0,0,0,0,0,0,0,0,0,0,0,0,0,0,0,0,0,0,0,0.00223112,0.00240398,0.00221945,0.00209979,0.00254971,0.000886533,0.00054219,0.00132702,0.000750057,0.000959779,0.00117369,0.000959814,0.00110324,0.00166571,0.000335309,0.000362005,0.00107066,0.000713865,0.0014284,0.000600343,0,0.000607016,0.000513291,0.000231519,0.0001201,0.000114982,0.000232661,0,0.000871212,0.00146289,0.00141513,0.000515505,0.000116691,0.000377329,0.000115379,0.000362125,0.000227916,0.000110132,0.000108385,0.000566094,0.000105594,0,0.00066909,0.000212892,0,0.000105513,0.000207744,0.000105178,0.000159722,0.000138118,8.08621e-05,9.36294e-05,0,2.84262e-05,4.79678e-05,1.5984e-05,8.33597e-05,5.30841e-05,2.82146e-05,3.73862e-06,3.11782e-05,0,0,0,0,0}:
{0,97,0,0,0,0,0,0,0,0,0,0,0,0,0,0,0,0,0,0,0,0,0,0,0,0,0,0,0,0,0,0,0,0,0.034295,0.0389898,0.0391816,0.0298389,0.0310772,0.023573,0.0216127,0.022001,0.0238408,0.0232557,0.0160933,0.0177392,0.0146183,0.0123687,0.0167673,0.0109424,0.0115533,0.0108059,0.0125392,0.0090692,0.012182,0.0107288,0.0108314,0.0100141,0.0119662,0.0109964,0.0103618,0.00723924,0.00852175,0.00741387,0.00608955,0.010656,0.00851202,0.00584289,0.00602905,0.00600067,0.00759677,0.00595806,0.00833968,0.00619684,0.007475,0.00599625,0.00500317,0.00683664,0.00463161,0.00512119,0.0048045,0.0040694,0.00461888,0.0036741,0.0033295,0.00235487,0.00172228,0.00148719,0.00142111,0.00161756,0.00127063,0.000845235,0.000617018,0.00021242,0.000179503,6.33401e-05,7.88555e-05,4.65156e-05,0,0}:
{0,97,0,0,0,0,0,0,0,0,0,0,0,0,0,0,0,0,0,0,0,0,0,0,0,0,0,0,0,0,0,0,0,0,0.0732438,0.0735535,0.0691615,0.0595386,0.050724,0.0489571,0.0472349,0.0475815,0.0362698,0.0400661,0.0305968,0.0353979,0.0392635,0.0347317,0.0250463,0.0233328,0.025535,0.0275234,0.0293151,0.0221311,0.0223438,0.0216729,0.0235471,0.0226876,0.0213612,0.018697,0.0214215,0.0186232,0.0180006,0.0163548,0.0183511,0.0151259,0.0161234,0.0144097,0.0146583,0.0130115,0.0165932,0.0127491,0.016029,0.00930206,0.0136858,0.0142967,0.0130158,0.0118966,0.011045,0.00965534,0.0122775,0.0096543,0.00939516,0.00704649,0.00663724,0.00530448,0.00458377,0.0040578,0.00372211,0.00314168,0.00243766,0.00230675,0.00160809,0.000652792,0.000446638,0.000232834,0.000292658,0.000139547,0.000384241,0}:
{0,97,0,0,0,0,0,0,0,0,0,0,0,0,0,0,0,0,0,0,0,0,0,0,0,0,0,0,0,0,0,0,0,0,0.0860991,0.07669,0.0711555,0.0680469,0.0503072,0.0489951,0.0529261,0.046744,0.0461847,0.0343737,0.0419313,0.0416683,0.0348648,0.0298136,0.0337723,0.0296454,0.0343842,0.0281928,0.0269031,0.0263655,0.0263279,0.0232463,0.0234948,0.0194674,0.0201635,0.0222906,0.0251737,0.0185553,0.0178136,0.0210531,0.0204983,0.0187344,0.0198395,0.018021,0.0161078,0.0165084,0.0165434,0.0171203,0.0125499,0.0106048,0.0125272,0.0166009,0.0127262,0.0112144,0.0130184,0.0134049,0.0123229,0.012866,0.00949328,0.00800487,0.00679697,0.00463821,0.00545754,0.00449982,0.00378283,0.00427319,0.00394459,0.0020853,0.00172508,0.000913132,0.000552891,0.000283804,0.000306818,4.65156e-05,0.000117084,0}:
{0,97,0,0,0,0,0,0,0,0,0,0,0,0,0,0,0,0,0,0,0,0,0,0,0,0,0,0,0,0,0,0,0,0,0.0562663,0.0694093,0.0647862,0.0668307,0.0611518,0.0576874,0.054715,0.0544425,0.0408522,0.0461121,0.0489262,0.0405017,0.0357928,0.038975,0.0355748,0.0319137,0.0330927,0.0364636,0.0326966,0.0297867,0.0251325,0.028465,0.0294669,0.0252017,0.0258202,0.0292156,0.0194471,0.0236943,0.0240469,0.0200954,0.0200389,0.0178085,0.0208059,0.0240938,0.019436,0.0187604,0.0191789,0.0130485,0.0183967,0.0150702,0.0144413,0.0163982,0.0162547,0.0155293,0.0142595,0.0143411,0.0129886,0.0119223,0.0134126,0.00931844,0.00802043,0.00676888,0.00555361,0.005127,0.00469874,0.00422073,0.00357758,0.00329962,0.00208277,0.000927508,0.000496275,0.000398115,0.000298213,0.000199169,0.000384241,0}:
{0,97,0,0,0,0,0,0,0,0,0,0,0,0,0,0,0,0,0,0,0,0,0,0,0,0,0,0,0,0,0,0,0,0,0.0742636,0.0649831,0.0681676,0.0574934,0.0610919,0.050363,0.050488,0.0487362,0.0473243,0.0492614,0.0430745,0.0450103,0.0441706,0.0380321,0.0371223,0.0358647,0.0365775,0.0372417,0.0323488,0.027374,0.0319992,0.0261519,0.0326665,0.02925,0.0257863,0.029478,0.0282998,0.0257912,0.0237065,0.0244841,0.0256506,0.0210898,0.0223048,0.024421,0.0167855,0.0211227,0.0191966,0.0146524,0.0169572,0.0171806,0.0145469,0.0210951,0.0202828,0.0153929,0.0143907,0.0162671,0.0193936,0.0145192,0.0128494,0.0115875,0.00935519,0.0088099,0.00726584,0.00633432,0.00559592,0.00482565,0.00491979,0.00278951,0.00227683,0.000900284,0.000421362,0.000373376,0.000422051,0.000398338,0,0.00029252}:
{0,97,0,0,0,0,0,0,0,0,0,0,0,0,0,0,0,0,0,0,0,0,0,0,0,0,0,0,0,0,0,0,0,0,0.0728081,0.0563061,0.0628905,0.0553391,0.0617377,0.0537569,0.0561044,0.0542011,0.0532282,0.0512788,0.0454386,0.0455534,0.0431651,0.0402343,0.0416672,0.0411564,0.0372949,0.0322279,0.0336347,0.0353706,0.0344078,0.025969,0.0363642,0.0303392,0.0287669,0.025277,0.0242462,0.0244696,0.0256023,0.02715,0.022615,0.0210372,0.0249707,0.0245391,0.024113,0.0216574,0.0239299,0.0213643,0.0222621,0.0162355,0.0224577,0.021484,0.022137,0.0161845,0.0185394,0.0164187,0.0192605,0.0150288,0.0153599,0.0122275,0.00983275,0.00947092,0.00761633,0.00675632,0.00575404,0.00504245,0.00458923,0.00393707,0.00238604,0.00117837,0.000731481,0.000399608,0.000565603,0.0002922,0,0.00029252}:
{0,97,0,0,0,0,0,0,0,0,0,0,0,0,0,0,0,0,0,0,0,0,0,0,0,0,0,0,0,0,0,0,0,0,0.0597613,0.0652272,0.0534,0.056059,0.0574118,0.0560113,0.0595038,0.0559797,0.0472776,0.0489568,0.0459935,0.0467721,0.0462507,0.043848,0.0392287,0.0431389,0.0485409,0.0347907,0.0376318,0.0377544,0.0404414,0.0334831,0.0270911,0.035281,0.0325391,0.0310846,0.0290601,0.0296797,0.0235716,0.0294422,0.0255832,0.0188921,0.021889,0.025344,0.0258909,0.0236436,0.0229188,0.0263001,0.021801,0.0196457,0.0227179,0.0251455,0.0195537,0.018234,0.0205129,0.017141,0.0180301,0.0182435,0.015295,0.0119337,0.0120342,0.0100122,0.00804733,0.00727781,0.00645151,0.00477116,0.00510072,0.00374547,0.00255559,0.00141101,0.000686834,0.000347145,0.000312372,0.0002922,0,0.000959983}:
{0,97,0,0,0,0,0,0,0,0,0,0,0,0,0,0,0,0,0,0,0,0,0,0,0,0,0,0,0,0,0,0,0,0,0.0513683,0.059649,0.0590295,0.0479625,0.0591879,0.0614275,0.0547864,0.055666,0.0534712,0.0478707,0.0462099,0.0490911,0.0402058,0.0436728,0.0373002,0.0410772,0.0429668,0.0350082,0.035331,0.0378361,0.0322111,0.0301534,0.0306809,0.0369816,0.0316646,0.0309048,0.0303905,0.0317241,0.0321945,0.0264346,0.0288729,0.0211576,0.0256231,0.0245537,0.0277694,0.0188567,0.0293615,0.0217738,0.022404,0.0188214,0.0203487,0.0159208,0.0170603,0.0216073,0.0165818,0.0159074,0.0203285,0.0141741,0.0167802,0.012686,0.0100532,0.0100198,0.00843789,0.00771362,0.00692109,0.00504943,0.00557132,0.0043319,0.00297467,0.00131017,0.000636283,0.000278366,0.000416496,0.000245685,0.000117084,0.00029252}:
{0,97,0,0,0,0,0,0,0,0,0,0,0,0,0,0,0,0,0,0,0,0,0,0,0,0,0,0,0,0,0,0,0,0,0.0484574,0.0535203,0.0509551,0.0502559,0.0555717,0.0547405,0.0514262,0.0446828,0.0467384,0.0497097,0.050827,0.0455881,0.043757,0.0390231,0.0423205,0.0394536,0.038621,0.0387001,0.0343646,0.0422947,0.0402586,0.0309255,0.0347567,0.0327017,0.0335152,0.0269014,0.0313867,0.0294049,0.0267802,0.0274275,0.0283277,0.027208,0.0233222,0.0254558,0.0230453,0.0238783,0.0243039,0.0204382,0.0254969,0.0208987,0.0241933,0.0217478,0.0225631,0.0209851,0.0185423,0.0181203,0.0177638,0.0207352,0.0151586,0.0133491,0.0115401,0.0103284,0.00823606,0.00943364,0.00694128,0.0055285,0.00515496,0.00501994,0.00298231,0.00147351,0.000833332,0.000622792,0.00026739,0.000504476,0.000384241,0}:
{0,97,0,0,0,0,0,0,0,0,0,0,0,0,0,0,0,0,0,0,0,0,0,0,0,0,0,0,0,0,0,0,0,0,0.0504443,0.0514293,0.0458748,0.0479625,0.0503485,0.0515786,0.0489167,0.0452756,0.0517602,0.0522528,0.0422255,0.0427086,0.0453747,0.0381732,0.0416357,0.0397084,0.0379982,0.0388257,0.0389662,0.0381243,0.0367047,0.0335656,0.030718,0.037955,0.0331211,0.0313355,0.0313507,0.0309674,0.0347896,0.0290508,0.0303586,0.0250256,0.0254226,0.0230444,0.0238497,0.027644,0.0220424,0.0258487,0.0212896,0.0206239,0.0162959,0.0202182,0.0220935,0.0228547,0.0179124,0.0184503,0.0150075,0.0196834,0.0174223,0.0150196,0.0119589,0.010273,0.00965798,0.00817606,0.00683113,0.00558749,0.0053597,0.00413323,0.00339571,0.00142454,0.00079974,0.000198445,0.000332086,9.30312e-05,0,0}:
{0,97,0,0,0,0,0,0,0,0,0,0,0,0,0,0,0,0,0,0,0,0,0,0,0,0,0,0,0,0,0,0,0,0,0.0420082,0.0452629,0.047256,0.0506432,0.0390006,0.0591142,0.0448682,0.0481399,0.0476027,0.0479369,0.0403552,0.0467405,0.0419009,0.0441443,0.0419222,0.0388539,0.0380928,0.0387031,0.0392998,0.0339746,0.0362453,0.0319388,0.033644,0.0339245,0.0375953,0.0346636,0.0276494,0.0326691,0.0279918,0.026271,0.0314338,0.0245101,0.0241209,0.0263934,0.0279823,0.0209191,0.0196203,0.0259077,0.021398,0.0271092,0.0221141,0.0208678,0.022323,0.0182504,0.0171383,0.0228194,0.0165627,0.0180331,0.0172114,0.0154288,0.012488,0.0112877,0.0104412,0.00814001,0.00730257,0.00624036,0.00578539,0.00449115,0.00368693,0.00151406,0.000869663,0.000418909,0.000143552,9.30312e-05,0.000234167,0}:
{0,97,0,0,0,0,0,0,0,0,0,0,0,0,0,0,0,0,0,0,0,0,0,0,0,0,0,0,0,0,0,0,0,0,0.0548108,0.0449121,0.0378639,0.0478235,0.0388129,0.0365456,0.0464751,0.0513524,0.0427918,0.0400977,0.0465484,0.0368061,0.0449723,0.0511685,0.0388933,0.0401015,0.0336525,0.0365892,0.0330959,0.0417119,0.0313133,0.0355486,0.0329923,0.0293658,0.0318185,0.0306278,0.0320815,0.0277864,0.034124,0.0328556,0.033581,0.0280847,0.0269544,0.0276873,0.0261216,0.0232162,0.0251979,0.0235499,0.0194806,0.0229487,0.0237114,0.0230135,0.0275633,0.0213209,0.0246169,0.0211476,0.0220782,0.0220403,0.018494,0.016429,0.0141266,0.0119725,0.0102044,0.00856562,0.00793851,0.00740834,0.00652429,0.00497597,0.00318954,0.00155566,0.000901755,0.000395396,0.000287104,0.000338716,0.000234167,0}:
{0,97,0,0,0,0,0,0,0,0,0,0,0,0,0,0,0,0,0,0,0,0,0,0,0,0,0,0,0,0,0,0,0,0,0.0414241,0.0483616,0.0428806,0.0466917,0.0430336,0.0508861,0.0378036,0.0452601,0.0472277,0.0439368,0.0414374,0.0444041,0.0405278,0.0328177,0.0428479,0.0402569,0.0338448,0.0352396,0.0377116,0.0364865,0.0367371,0.0384865,0.0324267,0.035361,0.035332,0.0307428,0.0268858,0.0334783,0.0285563,0.0322686,0.0260948,0.0290106,0.0269215,0.0273602,0.0243763,0.0248574,0.0237662,0.0231915,0.022807,0.022292,0.0213154,0.0260452,0.0222435,0.0259822,0.0211558,0.024053,0.0192312,0.0208537,0.019041,0.0169011,0.0134065,0.0107227,0.00949107,0.00997994,0.00707549,0.00772554,0.00634868,0.00545373,0.00361322,0.00167298,0.000943825,0.00058691,0.000391228,0.000644023,0.000384241,0}:
{0,97,0,0,0,0,0,0,0,0,0,0,0,0,0,0,0,0,0,0,0,0,0,0,0,0,0,0,0,0,0,0,0,0,0.043751,0.0388145,0.0394705,0.035751,0.0417793,0.037124,0.0387774,0.0442467,0.0489242,0.0373478,0.0435989,0.0358952,0.0367525,0.0390541,0.0371365,0.0436252,0.0382536,0.0333768,0.0386498,0.0376728,0.0330182,0.0359581,0.032734,0.0361208,0.0341343,0.0318748,0.0305217,0.03064,0.0299768,0.0302891,0.0293171,0.0280847,0.0310322,0.0293618,0.0305354,0.0300997,0.0250374,0.026159,0.0279257,0.0254577,0.024751,0.0264447,0.0242073,0.0223224,0.0204264,0.0206363,0.0195589,0.0196834,0.0187776,0.0160541,0.014555,0.0128458,0.0120999,0.00991288,0.00896949,0.00709608,0.00628354,0.00619735,0.00364232,0.0016308,0.000939586,0.00076728,0.000301263,0.000245685,0.000618408,0}:
{0,97,0,0,0,0,0,0,0,0,0,0,0,0,0,0,0,0,0,0,0,0,0,0,0,0,0,0,0,0,0,0,0,0,0.038853,0.0248101,0.0426552,0.0448401,0.0393761,0.0367188,0.0406929,0.0375927,0.0380951,0.0413274,0.0441842,0.0386626,0.035583,0.036965,0.0373286,0.037409,0.0345481,0.0333768,0.038028,0.0385645,0.0306242,0.0378115,0.0362595,0.0323218,0.0275507,0.0333842,0.0295582,0.0266191,0.0279766,0.0332935,0.0264868,0.0288224,0.0283334,0.0270801,0.0251514,0.0216745,0.0253585,0.0243689,0.0277394,0.0234876,0.0245993,0.0211897,0.025832,0.0243284,0.0203687,0.0169923,0.0198705,0.019759,0.0196799,0.017561,0.0130877,0.0116152,0.0112413,0.010246,0.00845008,0.00691822,0.00679015,0.00571253,0.00383747,0.00202689,0.00100286,0.000579978,0.000396782,0.000690538,0,0}:
{0,97,0,0,0,0,0,0,0,0,0,0,0,0,0,0,0,0,0,0,0,0,0,0,0,0,0,0,0,0,0,0,0,0,0.025902,0.0265504,0.0305292,0.0355574,0.0304727,0.0298757,0.0436019,0.0306628,0.0377055,0.0370747,0.0355995,0.0388062,0.0348648,0.0362082,0.035079,0.034527,0.0437647,0.0340906,0.0367452,0.0345254,0.0271997,0.0349593,0.0355588,0.0308348,0.0353658,0.0298553,0.0267875,0.029868,0.0290197,0.0252637,0.0272894,0.0240624,0.0280195,0.027148,0.0243941,0.0230157,0.0287596,0.0239904,0.0242436,0.0227977,0.0233946,0.0186414,0.0237948,0.0223689,0.0203528,0.0222621,0.0214257,0.0211396,0.0190902,0.0178718,0.0144026,0.0127545,0.0119149,0.0105805,0.00939111,0.00784441,0.00643003,0.0056296,0.00373345,0.0017607,0.000991963,0.000647531,0.000540334,0.000232578,0.000768482,0}:
{0,97,0,0,0,0,0,0,0,0,0,0,0,0,0,0,0,0,0,0,0,0,0,0,0,0,0,0,0,0,0,0,0,0,0.0289088,0.0343195,0.0310436,0.0326831,0.0309947,0.0360815,0.0291642,0.0343458,0.0321912,0.0334628,0.0404939,0.0303431,0.0384445,0.0364284,0.0355261,0.0314554,0.0346916,0.0369936,0.0323488,0.0290262,0.0344433,0.0277901,0.0304934,0.03323,0.0323175,0.0350232,0.0307215,0.0291639,0.0273817,0.026563,0.028925,0.0270876,0.0227387,0.0276727,0.0242787,0.0289029,0.0265975,0.0260799,0.0250328,0.0242485,0.0235002,0.0260422,0.0218204,0.0272895,0.0215205,0.0223216,0.0219743,0.0228521,0.0188503,0.0165272,0.0135762,0.0134095,0.0109088,0.0106574,0.00957846,0.00694524,0.00629933,0.00618618,0.00403032,0.00181937,0.00119491,0.000869221,0.000599476,0.000444854,0,0}:
{0,97,0,0,0,0,0,0,0,0,0,0,0,0,0,0,0,0,0,0,0,0,0,0,0,0,0,0,0,0,0,0,0,0,0.0174133,0.0275959,0.0197209,0.0364409,0.0294888,0.0339621,0.0320018,0.0341011,0.0296803,0.0326925,0.0360766,0.0354295,0.0379158,0.0390851,0.0364832,0.0326858,0.0297546,0.0346176,0.0338712,0.0325466,0.0394401,0.0353866,0.0314372,0.0262582,0.0280649,0.0284933,0.0281327,0.0219773,0.0334584,0.033571,0.0293323,0.0299059,0.0275379,0.0243238,0.0290386,0.0205259,0.024076,0.0264894,0.0224956,0.0254109,0.0246454,0.0224584,0.0232022,0.0208187,0.025231,0.0250323,0.0208185,0.0205115,0.0188793,0.0159522,0.0155326,0.0131362,0.0111667,0.0105947,0.00868169,0.00825054,0.00728787,0.0067626,0.00410756,0.0020311,0.00113422,0.00050155,0.000560048,0.000644023,0.000618408,0}:
{0,97,0,0,0,0,0,0,0,0,0,0,0,0,0,0,0,0,0,0,0,0,0,0,0,0,0,0,0,0,0,0,0,0,0.0284731,0.0241464,0.0257665,0.0232913,0.029823,0.025249,0.0273754,0.0287585,0.0291411,0.0306293,0.0303468,0.0353174,0.0337758,0.0324363,0.0254131,0.0359579,0.0286523,0.0331731,0.0291412,0.0267209,0.030147,0.0263639,0.0263043,0.0312474,0.0298664,0.0268544,0.0275151,0.0258624,0.031084,0.0308233,0.024646,0.0277421,0.0295513,0.0249488,0.0258258,0.0258334,0.0220921,0.0239144,0.0229459,0.0249715,0.0229127,0.0192132,0.0232787,0.0239762,0.0231162,0.0234957,0.018861,0.0182894,0.0210655,0.0176691,0.0158485,0.0137013,0.0111165,0.0102926,0.00925132,0.00792883,0.00723651,0.00682524,0.00431054,0.0021311,0.00118236,0.000856852,0.000545889,0.000418641,0.000117084,0.000959983}:
{0,97,0,0,0,0,0,0,0,0,0,0,0,0,0,0,0,0,0,0,0,0,0,0,0,0,0,0,0,0,0,0,0,0,0.0159578,0.0143551,0.0168887,0.0258329,0.0248287,0.0189082,0.0295798,0.0268386,0.0257014,0.0278131,0.0282021,0.02484,0.0276993,0.0293592,0.0345201,0.0320551,0.0339079,0.0258644,0.0277755,0.0265256,0.0340486,0.029841,0.029347,0.0298762,0.0273629,0.0221433,0.0301399,0.0344047,0.0251759,0.0298159,0.0229734,0.0284612,0.0233041,0.0246039,0.0289704,0.0332173,0.027994,0.0283135,0.0259304,0.0221849,0.0185729,0.022983,0.0246604,0.0198607,0.0213158,0.0193241,0.0241849,0.019519,0.020792,0.0169606,0.0158996,0.0129091,0.0124631,0.0111837,0.00876341,0.00909389,0.00703134,0.00694097,0.0046127,0.00201146,0.00107702,0.000854132,0.000832993,0.000949329,0,0.00029252}:
{0,97,0,0,0,0,0,0,0,0,0,0,0,0,0,0,0,0,0,0,0,0,0,0,0,0,0,0,0,0,0,0,0,0,0.0144065,0.0137979,0.019848,0.0159148,0.0237849,0.0260975,0.0202751,0.0191557,0.0244621,0.0268218,0.0227026,0.0258171,0.0321928,0.0317787,0.0287001,0.027001,0.025822,0.028703,0.0248419,0.0326283,0.0287041,0.0322366,0.0309392,0.0288848,0.0299155,0.0258519,0.0308379,0.0261899,0.0278233,0.027474,0.0267409,0.0263313,0.0243904,0.0254882,0.0280002,0.0243367,0.0226619,0.0286129,0.0271364,0.023622,0.0263186,0.0238187,0.0211349,0.0233869,0.0240215,0.0264471,0.0254285,0.0232862,0.0203399,0.0176776,0.0166636,0.0151086,0.0118752,0.0106618,0.00872594,0.00836243,0.008408,0.00724992,0.00453391,0.00223567,0.0013222,0.000856852,0.000650013,0.000152653,0.000117084,0}:
{0,97,0,0,0,0,0,0,0,0,0,0,0,0,0,0,0,0,0,0,0,0,0,0,0,0,0,0,0,0,0,0,0,0,0.00591773,0.0130654,0.0144438,0.0109407,0.015257,0.0186381,0.0163888,0.0192591,0.0209725,0.0204253,0.0249417,0.025593,0.0255244,0.0280688,0.0273903,0.02124,0.029723,0.0283461,0.0265726,0.0255058,0.0257892,0.0261989,0.029553,0.0249049,0.0245177,0.0287589,0.0240791,0.0309861,0.0316637,0.0250359,0.0269126,0.0309522,0.0260718,0.0283124,0.024542,0.0256749,0.0220279,0.0255152,0.0215537,0.0235012,0.0181639,0.020479,0.021987,0.0241755,0.0240922,0.0201251,0.021471,0.0222966,0.0189393,0.0184939,0.0158079,0.0136644,0.0123829,0.0116213,0.0101526,0.0102877,0.0076602,0.00798648,0.00485607,0.00217433,0.00130948,0.00059656,0.000475638,0.000431747,0.000618408,0.00058504}:
{0,97,0,0,0,0,0,0,0,0,0,0,0,0,0,0,0,0,0,0,0,0,0,0,0,0,0,0,0,0,0,0,0,0,0.00737321,0.00961593,0.01171,0.0126533,0.0172848,0.0179247,0.01984,0.0183336,0.0164223,0.0200891,0.0210045,0.0181875,0.0215107,0.0250507,0.0256193,0.0270492,0.0239361,0.0294475,0.0223642,0.0319431,0.0261483,0.0289863,0.0306471,0.0276473,0.0258016,0.0235377,0.0268858,0.0223726,0.0269335,0.0220459,0.0287013,0.023084,0.0220895,0.0249635,0.0202762,0.0227157,0.0260277,0.0251538,0.0204255,0.0286701,0.0179854,0.0221533,0.0160281,0.0234604,0.0222499,0.0237988,0.0230423,0.0207056,0.019174,0.0168126,0.0142818,0.0141642,0.0131561,0.0119682,0.00952266,0.00729778,0.00746593,0.00719934,0.00464478,0.00242019,0.00121445,0.0010553,0.00061919,9.30312e-05,0.000885566,0}:
{0,97,0,0,0,0,0,0,0,0,0,0,0,0,0,0,0,0,0,0,0,0,0,0,0,0,0,0,0,0,0,0,0,0,0.00892448,0.00721195,0.00414994,0.0138695,0.0136686,0.013492,0.0147266,0.0151401,0.0257658,0.0168104,0.0245866,0.0172767,0.0219101,0.0223179,0.0254273,0.0282284,0.0256785,0.0253512,0.0240463,0.0240602,0.0196585,0.0267087,0.0257049,0.0251985,0.0265189,0.0309194,0.0262534,0.0224405,0.0214181,0.0241103,0.0237239,0.0199723,0.0217723,0.0233716,0.0281302,0.0261785,0.0211628,0.0245411,0.0234543,0.0261475,0.0237411,0.021545,0.0197367,0.0189026,0.0212135,0.0190699,0.0217081,0.0209752,0.0197529,0.0161276,0.0154558,0.0139641,0.0110934,0.0110736,0.010551,0.00869112,0.00874989,0.00741167,0.00472937,0.0023967,0.0013829,0.000620073,0.000495352,0.000385231,0.000117084,0}:
{0,97,0,0,0,0,0,0,0,0,0,0,0,0,0,0,0,0,0,0,0,0,0,0,0,0,0,0,0,0,0,0,0,0,0.00368661,0.00344949,0.00614396,0.00884094,0.00846397,0.0138002,0.0108599,0.0149988,0.0170758,0.0160432,0.0165872,0.0180265,0.0197983,0.0201327,0.0203408,0.0227021,0.0217806,0.0237198,0.0231254,0.0201347,0.0243932,0.0215904,0.0252406,0.0255457,0.0231289,0.0240624,0.0253228,0.0243983,0.0282311,0.0243702,0.0231602,0.0255378,0.0274031,0.0244889,0.0237018,0.0237058,0.0235062,0.0198255,0.0196501,0.02252,0.0201212,0.0186719,0.0207718,0.02021,0.0211846,0.0223974,0.0197506,0.0209322,0.0196799,0.0171075,0.0151158,0.0141622,0.0129024,0.0113334,0.0101489,0.00880053,0.00721628,0.00794296,0.0052168,0.00237322,0.00138622,0.000940985,0.000340691,0.000478263,0.000117084,0}:
{0,97,0,0,0,0,0,0,0,0,0,0,0,0,0,0,0,0,0,0,0,0,0,0,0,0,0,0,0,0,0,0,0,0,0.00223112,0.00369366,0.00733463,0.0029288,0.00942527,0.0110056,0.00983078,0.0102146,0.0111221,0.0135316,0.0125417,0.0184749,0.0209505,0.0202738,0.0203235,0.0210816,0.0206437,0.0214526,0.0216343,0.0218541,0.0222936,0.0268529,0.0197667,0.0206902,0.0229411,0.0226502,0.0267843,0.0293336,0.0270869,0.0184689,0.023877,0.0217935,0.025204,0.0213877,0.0212317,0.0262406,0.0208386,0.0268989,0.0211812,0.0213908,0.0191143,0.015846,0.0172433,0.0198742,0.0251445,0.02029,0.0207893,0.0248639,0.0188471,0.0182647,0.0165304,0.0152066,0.0121037,0.0108728,0.010391,0.00864564,0.0078965,0.00766547,0.00518922,0.00256657,0.00180077,0.000932561,0.000669727,0.000232578,0.000117084,0}:
{0,97,0,0,0,0,0,0,0,0,0,0,0,0,0,0,0,0,0,0,0,0,0,0,0,0,0,0,0,0,0,0,0,0,0.00111556,0.00209101,0.00244488,0.000829006,0.00495296,0.00715122,0.0100288,0.0097252,0.00737177,0.0161695,0.0159074,0.0193226,0.0166954,0.0186531,0.0190626,0.0227332,0.0180719,0.0217314,0.0217283,0.0162733,0.0216077,0.02436,0.0198865,0.0277599,0.018516,0.0212558,0.0246756,0.0226814,0.0229886,0.0182588,0.0211999,0.0279118,0.0215389,0.0246687,0.0196196,0.0251061,0.0214581,0.0206585,0.0219094,0.0250591,0.0223387,0.0225804,0.0205423,0.0197707,0.0200746,0.021959,0.0206854,0.0153014,0.0204964,0.018521,0.0161135,0.0141665,0.0130162,0.0120112,0.0103468,0.00903084,0.009834,0.00924477,0.00528207,0.00244799,0.00149248,0.000710871,0.000664172,0.000325609,0,0}:
{0,97,0,0,0,0,0,0,0,0,0,0,0,0,0,0,0,0,0,0,0,0,0,0,0,0,0,0,0,0,0,0,0,0,0.00257105,0.00233518,0.00392451,0.00273518,0.00332328,0.00763255,0.00695752,0.00885314,0.0137795,0.00847701,0.0117842,0.0142678,0.0121072,0.0147882,0.0216302,0.0204197,0.017848,0.0179139,0.0205536,0.0192926,0.018392,0.0163571,0.0223298,0.0167902,0.0249271,0.0195489,0.0255882,0.0241049,0.0186663,0.0146818,0.0181644,0.0246611,0.0192083,0.0242088,0.0263881,0.0222573,0.0225945,0.023629,0.0205782,0.0221245,0.0240416,0.0239712,0.0229591,0.023294,0.0196076,0.0213423,0.0220197,0.0233158,0.020059,0.0189154,0.0162194,0.0156471,0.0137969,0.0118207,0.0106556,0.0091747,0.00865119,0.00784135,0.00513029,0.00279347,0.00180061,0.00112951,0.000638904,0.000351822,0.000501325,0}:
{0,97,0,0,0,0,0,0,0,0,0,0,0,0,0,0,0,0,0,0,0,0,0,0,0,0,0,0,0,0,0,0,0,0,0.00111556,0,0.00318469,0.00400597,0.00332328,0.00545427,0.00303556,0.0083637,0.00849686,0.0114195,0.00758327,0.00862099,0.0123945,0.011677,0.0111504,0.0134454,0.0146676,0.0198855,0.0188715,0.0184649,0.0203121,0.0198487,0.0226557,0.0177131,0.0209485,0.0188088,0.0236138,0.0220977,0.0165682,0.0243205,0.0207372,0.0201453,0.0227535,0.0219918,0.0210628,0.0206192,0.0200087,0.0198395,0.0162626,0.0230257,0.0218865,0.0212842,0.0226531,0.0182205,0.0214758,0.0219293,0.0228053,0.0188123,0.0184236,0.0164969,0.0164475,0.0144981,0.0141743,0.0124617,0.00987159,0.00973166,0.0085047,0.00828425,0.00555334,0.00285308,0.00145448,0.0013913,0.000832993,0.00110198,0.000618408,0}:
{0,97,0,0,0,0,0,0,0,0,0,0,0,0,0,0,0,0,0,0,0,0,0,0,0,0,0,0,0,0,0,0,0,0,0.00111556,0.0010455,0.00221945,0.00381236,0.00173487,0.000848475,0.00428225,0.00598885,0.00706114,0.00627014,0.0122003,0.00951764,0.00932308,0.0111745,0.0148672,0.0152554,0.0152274,0.0179614,0.0168557,0.0121525,0.0207714,0.0153227,0.0181745,0.0176984,0.0250472,0.0151827,0.0184837,0.0219739,0.0226112,0.0208895,0.0175334,0.0199537,0.022954,0.019106,0.0211992,0.0186811,0.0186765,0.0209238,0.021801,0.018192,0.0226094,0.0235854,0.0194772,0.0196013,0.0163065,0.020455,0.0220036,0.0219973,0.0197447,0.0187995,0.015566,0.0153493,0.0137817,0.0121512,0.0109644,0.00996153,0.00879768,0.00782562,0.00577122,0.0026928,0.00151925,0.000774211,0.000951276,0.000431747,0.000501325,0.00029252}:
{0,97,0,0,0,0,0,0,0,0,0,0,0,0,0,0,0,0,0,0,0,0,0,0,0,0,0,0,0,0,0,0,0,0,0.00223112,0,0.000739815,0,0.00380393,0.00177307,0.00623344,0.00583201,0.00668611,0.00777297,0.00971422,0.0091814,0.00841238,0.0109372,0.0133197,0.0104701,0.0167774,0.0158949,0.0163796,0.0210585,0.0178679,0.0173558,0.0161028,0.0168049,0.0141957,0.0201886,0.0135503,0.0171777,0.0207524,0.0181915,0.0206851,0.0171354,0.0208716,0.0164145,0.0230421,0.0204296,0.0184983,0.0224656,0.0198195,0.0193544,0.022883,0.0199544,0.0159051,0.0206793,0.0211558,0.0241585,0.0183738,0.0168169,0.0185967,0.0179124,0.0161759,0.015351,0.0133566,0.0129926,0.0111,0.0100349,0.0104738,0.00953182,0.00551892,0.00264009,0.00155982,0.00102906,0.000579762,0.000550991,0.000351251,0.00029252}:
{0,97,0,0,0,0,0,0,0,0,0,0,0,0,0,0,0,0,0,0,0,0,0,0,0,0,0,0,0,0,0,0,0,0,0.00111556,0,0.00221945,0.000193613,0.00144195,0.000270139,0.00149994,0.00129255,0.00296803,0.00486205,0.00452557,0.0110521,0.00860492,0.0104037,0.0100012,0.0104701,0.00971634,0.0164387,0.0130325,0.0116979,0.0127886,0.0167812,0.0122024,0.0167218,0.0173674,0.0172994,0.0140991,0.0182618,0.0182736,0.0155255,0.0151288,0.0224973,0.0178918,0.0227465,0.0193856,0.019595,0.0177327,0.0190546,0.0194165,0.0185135,0.0202892,0.0149158,0.01472,0.0190556,0.0173429,0.0197788,0.0191859,0.0239765,0.0169748,0.0175215,0.0160214,0.0152633,0.0133642,0.0129926,0.010629,0.00976813,0.00907243,0.00844646,0.0057635,0.00300874,0.00157421,0.00118048,0.000782455,0.000830085,0.000501325,0.00087756}:
{0,97,0,0,0,0,0,0,0,0,0,0,0,0,0,0,0,0,0,0,0,0,0,0,0,0,0,0,0,0,0,0,0,0,0,0,0,0.000193613,0.000146461,0.00129174,0.00191551,0.00080311,0.00530028,0.00265518,0.00412318,0.00491115,0.00612541,0.00660078,0.00982646,0.00914641,0.0116795,0.00939201,0.0127929,0.0116979,0.0144758,0.0139938,0.0172644,0.0147718,0.0150364,0.020221,0.0169058,0.0187929,0.0147921,0.0158993,0.0174291,0.0210712,0.0148939,0.0221068,0.0209506,0.0234851,0.0207743,0.0149067,0.0202836,0.0221381,0.0220085,0.0226277,0.0190376,0.0173689,0.0199565,0.017728,0.0145013,0.0175072,0.0174386,0.0166849,0.0168924,0.0144737,0.0133275,0.0126785,0.011561,0.0107742,0.00876855,0.00872099,0.00540732,0.00278895,0.00163656,0.00102363,0.000529225,0.000398338,0.000735492,0}:
{0,97,0,0,0,0,0,0,0,0,0,0,0,0,0,0,0,0,0,0,0,0,0,0,0,0,0,0,0,0,0,0,0,0,0.00111556,0,0,0,0.00269617,0.000886533,0.00166225,0.0019733,0.00282155,0.0016954,0.00376802,0.0051669,0.00598178,0.00751272,0.00647646,0.00877039,0.00901308,0.0102146,0.00923761,0.0142914,0.0129003,0.0131569,0.0123561,0.0139794,0.0111102,0.0194161,0.0172696,0.0152538,0.0153044,0.0161094,0.0205134,0.0198333,0.0197557,0.0175611,0.0184154,0.0158292,0.0222526,0.0174367,0.0185189,0.0195522,0.020197,0.0198294,0.0176229,0.0164573,0.0185394,0.0162077,0.0193643,0.0208537,0.0189373,0.0187248,0.0172888,0.0143936,0.0141415,0.0115586,0.0101133,0.0100439,0.00855649,0.00908346,0.00616195,0.00279969,0.00157088,0.000920458,0.00087242,0.000398338,0.0020053,0}:
{0,97,0,0,0,0,0,0,0,0,0,0,0,0,0,0,0,0,0,0,0,0,0,0,0,0,0,0,0,0,0,0,0,0,0,0,0.000739815,0.000635393,0,0.00013507,0.00124669,0,0.000750057,0.00132759,0.00245561,0.00191963,0.00519737,0.0049661,0.00773742,0.00614006,0.00690331,0.00768546,0.0135683,0.0101562,0.0102798,0.0113181,0.0128846,0.0129228,0.0127916,0.014313,0.0157753,0.0107138,0.0160526,0.0167927,0.0190647,0.0170522,0.0183405,0.0141829,0.0161078,0.0172808,0.0170666,0.0189274,0.0185189,0.0206707,0.0151046,0.0161039,0.0190811,0.0177947,0.0187153,0.0163995,0.0174522,0.0175531,0.0188109,0.0172528,0.015733,0.0149337,0.0137471,0.0127561,0.0125623,0.0108652,0.00971908,0.00959608,0.00602365,0.00266799,0.00165336,0.00107732,0.000993208,0.000385231,0,0}:
{0,97,0,0,0,0,0,0,0,0,0,0,0,0,0,0,0,0,0,0,0,0,0,0,0,0,0,0,0,0,0,0,0,0,0,0.000801327,0,0,0.00048065,0.000578336,0.00124669,0.00080311,0.000864333,0.00121551,0.0011432,0.00335935,0.00361433,0.00405416,0.00424416,0.0084224,0.00575224,0.00867814,0.00746148,0.00832317,0.0134422,0.0162244,0.00895046,0.0119641,0.0149316,0.0116538,0.0162226,0.0162667,0.0133227,0.0146642,0.0171228,0.0148665,0.0173741,0.0142153,0.0153831,0.016381,0.0188371,0.0175438,0.0185189,0.0201787,0.0169429,0.0178972,0.0199768,0.0190091,0.0159706,0.0219159,0.0178091,0.0191901,0.0176146,0.0168724,0.0167987,0.0136815,0.0135011,0.0125443,0.0119072,0.0100694,0.010127,0.00829882,0.0059936,0.0031605,0.00207531,0.00127576,0.000821883,0.000186062,0.00100265,0.00058504}:
{0,97,0,0,0,0,0,0,0,0,0,0,0,0,0,0,0,0,0,0,0,0,0,0,0,0,0,0,0,0,0,0,0,0,0,0,0,0,0,0.00013507,0.000126628,0.000401555,0.00109289,0.00143967,0.00160658,0.00265528,0.00214334,0.00260868,0.00566258,0.00563667,0.00634355,0.00771611,0.00842787,0.00871377,0.00916365,0.01232,0.0105579,0.0110381,0.0116922,0.0105866,0.00881991,0.0136692,0.0140035,0.0127954,0.0155024,0.0163638,0.0207221,0.0137052,0.0152855,0.0146014,0.0181388,0.0187242,0.0173434,0.0179474,0.0206328,0.0121648,0.0166178,0.0187362,0.0183506,0.0134509,0.0204323,0.0172213,0.0175908,0.0163855,0.0160742,0.0147115,0.0136507,0.0134226,0.0109104,0.0105505,0.00873498,0.00972298,0.00637779,0.00266473,0.00175113,0.00131559,0.000802169,0.000491369,0.000618408,0}:
{0,97,0,0,0,0,0,0,0,0,0,0,0,0,0,0,0,0,0,0,0,0,0,0,0,0,0,0,0,0,0,0,0,0,0,0.000801327,0,0,0,0.000443267,0.000415562,0.00080311,0,0.0025431,0.000818537,0.00177597,0.00104009,0.00394404,0.00191429,0.00480235,0.0057207,0.00644161,0.00887268,0.0082095,0.00591874,0.00962972,0.00915644,0.0111212,0.0127207,0.0127357,0.00944912,0.0115383,0.0148932,0.0128917,0.0123474,0.0132521,0.0114951,0.0139351,0.0140489,0.0144118,0.0166574,0.016019,0.0119775,0.0157902,0.017108,0.0187024,0.0174099,0.0185998,0.0177077,0.0163429,0.0185787,0.0160214,0.0172303,0.0162125,0.0167855,0.0155815,0.0147398,0.0123888,0.011386,0.0109861,0.0100501,0.00979724,0.0065465,0.00296898,0.00176959,0.000943704,0.00097099,0.000690538,0.000234167,0.00029252}:
{0,97,0,0,0,0,0,0,0,0,0,0,0,0,0,0,0,0,0,0,0,0,0,0,0,0,0,0,0,0,0,0,0,0,0,0,0,0,0.00048065,0,0,0,0.000114276,0.00110344,0.000926758,0.00316677,0.0015199,0.00127331,0.0018513,0.00210987,0.00225327,0.00383432,0.00444494,0.00767321,0.00603359,0.00682449,0.00937765,0.00890708,0.00848663,0.0129009,0.00833659,0.0113653,0.0115465,0.0166291,0.0162344,0.0118413,0.0153904,0.00994651,0.0122889,0.0154842,0.0155675,0.0135681,0.0127805,0.0165541,0.0168968,0.0159818,0.0173334,0.017156,0.0183059,0.0134672,0.0166212,0.0128067,0.0176504,0.0168413,0.0162492,0.0134597,0.0143299,0.0127353,0.0117176,0.0103861,0.0101334,0.00912743,0.00620046,0.00327255,0.00199374,0.00102363,0.00087242,0.000338716,0.000735492,0}:
{0,97,0,0,0,0,0,0,0,0,0,0,0,0,0,0,0,0,0,0,0,0,0,0,0,0,0,0,0,0,0,0,0,0,0,0,0,0,0,0,0,0,0,0.000367812,0.000679822,0.000959814,0.000336173,0.00191696,0.00157898,0.00196848,0.00445768,0.00276352,0.00322174,0.00460744,0.00583626,0.00749627,0.00677742,0.00783263,0.00769835,0.0118336,0.0105109,0.00875258,0.00869361,0.0121442,0.011989,0.0147986,0.012593,0.0161165,0.0110197,0.0164291,0.0154857,0.0152511,0.0166183,0.0187853,0.0163093,0.0125674,0.0132888,0.0148307,0.0175318,0.0136619,0.0130178,0.0135889,0.0160138,0.015597,0.0146986,0.0153991,0.0143471,0.01236,0.0110438,0.011584,0.00865363,0.0085713,0.00618577,0.0031883,0.00162476,0.00139551,0.00100181,0.00108888,0.000351251,0.00058504}:
{0,97,0,0,0,0,0,0,0,0,0,0,0,0,0,0,0,0,0,0,0,0,0,0,0,0,0,0,0,0,0,0,0,0,0,0,0,0,0,0,0,0,0,0.000112077,0.000355158,0.000959814,0.00158305,0.000581599,0.00140422,0.00210987,0.00409028,0.00312045,0.00403147,0.00523981,0.00657229,0.00711911,0.00669132,0.00646142,0.00579532,0.00682778,0.0120052,0.0117606,0.0102642,0.0109588,0.0113059,0.0103626,0.0126111,0.0118833,0.0135548,0.0133084,0.0107057,0.0113344,0.015362,0.0148724,0.0133258,0.0163814,0.0121036,0.0149071,0.0136325,0.0172925,0.0165173,0.0180168,0.0154642,0.0158765,0.015723,0.0159147,0.0123294,0.0130356,0.0120991,0.0114357,0.00914245,0.00913655,0.00640178,0.00340915,0.00207971,0.00119856,0.00120451,0.000431747,0.000501325,0}:
{0,97,0,0,0,0,0,0,0,0,0,0,0,0,0,0,0,0,0,0,0,0,0,0,0,0,0,0,0,0,0,0,0,0,0,0,0,0,0,0,0.000415562,0,0,0.000847701,0,0.000367826,0.0012153,0.000471484,0.00205755,0.00244079,0.00199782,0.00215842,0.002968,0.00423443,0.00340988,0.00587269,0.00561242,0.00725383,0.00776603,0.00607309,0.0064933,0.00787546,0.0078224,0.010731,0.0103686,0.0108289,0.0103282,0.0126056,0.012271,0.0145703,0.0127538,0.0114926,0.0146979,0.0142732,0.0123294,0.0129364,0.0154326,0.0131904,0.0150336,0.014084,0.0167383,0.0138126,0.0144567,0.0148146,0.0143937,0.0146023,0.0123083,0.0120721,0.0130457,0.0103017,0.0106898,0.00915978,0.00627957,0.00366096,0.00186238,0.00146157,0.000743028,0.000737054,0,0.000959983}:
{0,97,0,0,0,0,0,0,0,0,0,0,0,0,0,0,0,0,0,0,0,0,0,0,0,0,0,0,0,0,0,0,0,0,0,0,0,0,0,0,0,0.000122359,0,0,0,0.000224163,0,0.00155559,0.00110041,0.00105493,0.00140652,0.00150585,0.00322174,0.00326107,0.00465543,0.00677433,0.00285853,0.00570163,0.00558896,0.00725531,0.00890025,0.00675743,0.0105035,0.00968843,0.00810202,0.012255,0.00959513,0.00796267,0.0108718,0.0113252,0.0111761,0.0127491,0.0123607,0.0117038,0.0132337,0.00990781,0.0119371,0.0152264,0.0163195,0.015964,0.0140726,0.0184672,0.0148866,0.0151545,0.0152805,0.0148047,0.0136511,0.0116829,0.0115194,0.0104275,0.0103548,0.00832411,0.00689469,0.00352331,0.00199117,0.00158553,0.00100486,0.000737054,0.00100265,0}:
{0,97,0,0,0,0,0,0,0,0,0,0,0,0,0,0,0,0,0,0,0,0,0,0,0,0,0,0,0,0,0,0,0,0,0,0,0,0,0,0,0,0,0,0.00110344,0,0,0.000224116,0.000110114,0.00157898,0.000472312,0.000958707,0.00211095,0.00238067,0.00321146,0.00268843,0.00274046,0.00301219,0.00442828,0.0044928,0.00659781,0.00904935,0.0087,0.00430384,0.00658459,0.00852774,0.00935026,0.00901167,0.0112761,0.0109043,0.0100974,0.0105742,0.0136612,0.0101044,0.00850799,0.0116661,0.0161344,0.015053,0.016078,0.0120684,0.0131804,0.0123229,0.0145355,0.0140796,0.0144747,0.015128,0.0148687,0.0133718,0.0129201,0.01154,0.0107144,0.0098858,0.010499,0.00667948,0.00333648,0.00213284,0.0012097,0.000852706,0.000478263,0.000501325,0.00029252}:
{0,97,0,0,0,0,0,0,0,0,0,0,0,0,0,0,0,0,0,0,0,0,0,0,0,0,0,0,0,0,0,0,0,0,0,0,0,0,0,0,0,0,0.000114276,0,0,0.000367826,0.000112058,0,0,0.000834317,0.00143806,0.00175402,0.00106347,0.0031474,0.00318018,0.00286999,0.00497925,0.0042799,0.00440654,0.00471109,0.00694062,0.00778894,0.00703712,0.00759194,0.00583213,0.00929771,0.0122429,0.010766,0.00830093,0.0107113,0.0104747,0.0088665,0.0141254,0.0122865,0.0107945,0.010774,0.0120901,0.011168,0.0127979,0.0101235,0.00806699,0.0114557,0.0139068,0.0164191,0.0152679,0.0139034,0.0136355,0.0132076,0.0130105,0.010432,0.0100416,0.00997267,0.00656438,0.0036925,0.00194094,0.0014549,0.000990704,0.000338716,0.000618408,0.00029252}:
{0,97,0,0,0,0,0,0,0,0,0,0,0,0,0,0,0,0,0,0,0,0,0,0,0,0,0,0,0,0,0,0,0,0,0,0,0,0,0,0,0,0,0,0,0.000710315,0.000224163,0,0.000471484,0.000478571,0.00105493,0.000111952,0.000713865,0.00182467,0.00257909,0.00147524,0.00211567,0.00319962,0.00244566,0.0010809,0.00467869,0.00532999,0.0039903,0.0064389,0.00770582,0.00794889,0.010483,0.00962801,0.00956918,0.00950509,0.00746624,0.00994015,0.00932407,0.0115104,0.0120088,0.0104451,0.0131835,0.0134418,0.00984711,0.0154272,0.0107699,0.015404,0.0131682,0.0134296,0.0137802,0.0137098,0.013727,0.013547,0.012388,0.0113001,0.0114746,0.00977776,0.00883672,0.00643961,0.00342257,0.00207472,0.00108153,0.00112565,0.00138108,0.000234167,0}:
{0,97,0,0,0,0,0,0,0,0,0,0,0,0,0,0,0,0,0,0,0,0,0,0,0,0,0,0,0,0,0,0,0,0,0,0,0,0,0,0,0,0,0,0,0,0,0,0,0,0.000220616,0,0.000356932,0.000809735,0.00160573,0.00109834,0.00231314,0.00304597,0.00209838,0.00456048,0.00361145,0.00667518,0.00675743,0.00396342,0.00564141,0.00615687,0.010054,0.0060138,0.00556593,0.0082034,0.00874221,0.0105244,0.00786132,0.011402,0.0112147,0.0109894,0.0104019,0.0120571,0.00936134,0.00974611,0.0116735,0.0146637,0.011906,0.0125114,0.0139349,0.0150672,0.0138467,0.0129024,0.0115426,0.0117094,0.0109476,0.00911533,0.00899892,0.00637696,0.00354995,0.00204446,0.00127725,0.00116508,0.000690538,0.000234167,0.000959983}:
{0,97,0,0,0,0,0,0,0,0,0,0,0,0,0,0,0,0,0,0,0,0,0,0,0,0,0,0,0,0,0,0,0,0,0,0,0,0,0,0,0,0,0,0,0,0,0,0,0.00011177,0.000362005,0.000223905,0.000713865,0.000587334,0.00134638,0.00162245,0.00136134,0.000719269,0.00122283,0.00178292,0.00242924,0.00406835,0.00409212,0.00462906,0.00642099,0.00579847,0.00574173,0.0064148,0.00636759,0.0077744,0.00849043,0.00907823,0.00869431,0.0108601,0.00991494,0.0103558,0.00816169,0.0103559,0.0101964,0.00952559,0.0138269,0.0115665,0.0096543,0.0133103,0.0133893,0.013886,0.0131488,0.0129539,0.0110357,0.0118807,0.0120242,0.0109424,0.00852733,0.00712015,0.003554,0.00211529,0.00125102,0.000886579,0.000372125,0.000117084,0.00183754}:
{0,97,0,0,0,0,0,0,0,0,0,0,0,0,0,0,0,0,0,0,0,0,0,0,0,0,0,0,0,0,0,0,0,0,0,0,0,0,0,0,0,0,0,0,0,0,0,0.000110114,0.00011177,0.000724009,0.000479353,0,0.000476134,0.000113663,0.00109834,0.00144389,0.00111268,0.00186686,0.0026913,0.00208429,0.00371936,0.00354243,0.00544805,0.00544573,0.00312134,0.0058435,0.00366514,0.00781212,0.00757615,0.00543492,0.0090606,0.00759299,0.00976246,0.00748298,0.0111084,0.00797566,0.00763304,0.011168,0.0109268,0.0110404,0.006762,0.0131519,0.0131118,0.0136221,0.0128662,0.0149326,0.01261,0.012626,0.0130877,0.0112599,0.00922825,0.00984782,0.00672003,0.00337397,0.00244296,0.00112706,0.000644458,0.000923116,0.000618408,0}:
{0,97,0,0,0,0,0,0,0,0,0,0,0,0,0,0,0,0,0,0,0,0,0,0,0,0,0,0,0,0,0,0,0,0,0,0,0,0,0,0,0,0,0,0,0,0,0,0,0,0,0.000367401,0.000574457,0.0010948,0.000373016,0.000491748,0.00124642,0.00311352,0.00133859,0.0025712,0.00283898,0.00245772,0.00163379,0.00427013,0.00406464,0.00547373,0.0057231,0.00633099,0.00459592,0.00640769,0.00833192,0.00693065,0.00864624,0.0112325,0.00925825,0.00925668,0.00950523,0.00874465,0.00749178,0.00930789,0.0107239,0.0110179,0.00863506,0.012366,0.0118863,0.0143309,0.0127637,0.0132104,0.0119904,0.0129127,0.0113882,0.0105389,0.00870526,0.00721906,0.00327429,0.00218505,0.0013198,0.000821883,0.000936223,0.000969659,0}:
{0,97,0,0,0,0,0,0,0,0,0,0,0,0,0,0,0,0,0,0,0,0,0,0,0,0,0,0,0,0,0,0,0,0,0,0,0,0,0,0,0,0,0,0,0,0,0,0,0,0,0,0.000108762,0.000222401,0.00048668,0.000229694,0.00049209,0.000753047,0.00160272,0.00114858,0.00159196,0.00277394,0.00318106,0.00309221,0.0043245,0.0046896,0.00378148,0.0076623,0.00730202,0.0074136,0.00774911,0.00549894,0.00581689,0.00640551,0.00723843,0.00648149,0.0124256,0.0123602,0.0107887,0.00908736,0.0104831,0.00928132,0.0112157,0.0107926,0.0120316,0.0132705,0.012886,0.0124676,0.0129307,0.0113819,0.0100029,0.0102419,0.00915022,0.00681277,0.00340225,0.00217856,0.00112829,0.000945721,0.00112229,0.000885566,0.0012525}:
{0,97,0,0,0,0,0,0,0,0,0,0,0,0,0,0,0,0,0,0,0,0,0,0,0,0,0,0,0,0,0,0,0,0,0,0,0,0,0,0,0,0,0,0,0,0,0,0,0,0,0,0,0,0.00048668,0.000376901,0.00049209,0.000633169,0.00157011,0.00229716,0.00211669,0.000963422,0.00352379,0.00268106,0.00372298,0.00445066,0.0068745,0.00378183,0.00535058,0.00522139,0.0055282,0.00572686,0.00633652,0.00673066,0.00781814,0.00756718,0.00789789,0.00658438,0.0123524,0.0100085,0.00854075,0.00642111,0.0111402,0.0111303,0.0123999,0.0128042,0.0134079,0.0131851,0.0119198,0.0123307,0.0108947,0.0108388,0.0101112,0.00663545,0.00349102,0.00238301,0.00145069,0.00112565,0.000372125,0.000234167,0.00029252}:
{0,97,0,0,0,0,0,0,0,0,0,0,0,0,0,0,0,0,0,0,0,0,0,0,0,0,0,0,0,0,0,0,0,0,0,0,0,0,0,0,0,0,0,0,0,0,0,0,0,0,0.000111952,0.000326287,0.000729867,0.000113663,0.000491748,0.00049209,0.00141999,0.000727174,0.0002402,0.00170694,0.00122886,0.00247697,0.000871212,0.00263383,0.00264347,0.0032999,0.00313262,0.0047109,0.00606156,0.00425222,0.00515707,0.00664988,0.00782829,0.00396266,0.00987391,0.00939695,0.00994337,0.00899555,0.0108114,0.00857048,0.00901504,0.00851361,0.00995419,0.0119803,0.0110256,0.0129751,0.0120156,0.0116195,0.0124518,0.0101423,0.0104126,0.00893628,0.00655508,0.00382967,0.0022524,0.00136112,0.000850202,0.000677432,0.000618408,0}:
{0,97,0,0,0,0,0,0,0,0,0,0,0,0,0,0,0,0,0,0,0,0,0,0,0,0,0,0,0,0,0,0,0,0,0,0,0,0,0,0,0,0,0,0,0,0,0,0,0,0,0,0.000356932,0.000364933,0,0.000114847,0.00049209,0.000119878,0.000463038,0.0001201,0.000984653,0.00187607,0.00115197,0.00102457,0.00323535,0.00255766,0.0032999,0.00384759,0.00372629,0.00426585,0.00530751,0.00549894,0.00773416,0.00646659,0.00775774,0.00605911,0.00557991,0.00688744,0.00899555,0.00908736,0.00719881,0.00891117,0.00852988,0.010067,0.0114948,0.0115562,0.0129523,0.0130002,0.0108994,0.010243,0.0115656,0.00929339,0.010044,0.00683958,0.00370171,0.00237303,0.00138858,0.000976544,0.000630916,0.000501325,0.00058504}:
{0,97,0,0,0,0,0,0,0,0,0,0,0,0,0,0,0,0,0,0,0,0,0,0,0,0,0,0,0,0,0,0,0,0,0,0,0,0,0,0,0,0,0,0,0,0,0,0,0,0,0,0,0.000364933,0.000373016,0.000376901,0.000607016,0.000119878,0.000379895,0.000908381,0.0013296,0.0009962,0.00139288,0.00126385,0.00195052,0.00122834,0.00268262,0.0030488,0.00178946,0.00243763,0.0040797,0.00437699,0.00573779,0.00529112,0.00506465,0.0062703,0.00590473,0.00450061,0.00430135,0.00702742,0.00888702,0.00980067,0.00785291,0.00902325,0.0105697,0.011749,0.0109469,0.0125178,0.0124977,0.0113339,0.011166,0.0102666,0.00918552,0.00714498,0.00381471,0.00221382,0.00152096,0.000926007,0.000863494,0.000618408,0}:
{0,97,0,0,0,0,0,0,0,0,0,0,0,0,0,0,0,0,0,0,0,0,0,0,0,0,0,0,0,0,0,0,0,0,0,0,0,0,0,0,0,0,0,0,0,0,0,0,0,0,0,0,0,0,0,0.000114927,0.000633169,0,0.00051424,0.000984653,0.000730761,0.00123848,0.000239286,0.00240606,0.00185934,0.0019077,0.00261492,0.00228176,0.00368895,0.00211057,0.00274947,0.00474661,0.00400726,0.0059055,0.00762668,0.00550214,0.00814912,0.00656376,0.00629799,0.0112812,0.0100084,0.00756701,0.0094333,0.0109041,0.0121114,0.0112053,0.0123754,0.012638,0.0113646,0.0099829,0.0125233,0.0102224,0.00728438,0.0041018,0.00237046,0.0014549,0.00115397,0.000690538,0.00162106,0.0012525}:
{0,97,0,0,0,0,0,0,0,0,0,0,0,0,0,0,0,0,0,0,0,0,0,0,0,0,0,0,0,0,0,0,0,0,0,0,0,0,0,0,0,0,0,0,0,0,0,0,0,0,0,0,0,0.000113663,0,0.000229854,0.000119878,0.000495655,0.00051424,0.000377344,0.000348992,0.00127242,0.00174242,0.00120303,0.00138147,0.00163299,0.00158275,0.00175706,0.00217436,0.00357614,0.0030095,0.00404079,0.00487434,0.00495747,0.00480832,0.00866956,0.00658438,0.00647378,0.00436924,0.00602475,0.00661279,0.00756701,0.00928271,0.0106458,0.0106542,0.0118129,0.011925,0.0115648,0.0108666,0.0123774,0.0103613,0.00991914,0.00734044,0.00399464,0.00232597,0.00157193,0.00120451,0.000644023,0.000234167,0}:
{0,97,0,0,0,0,0,0,0,0,0,0,0,0,0,0,0,0,0,0,0,0,0,0,0,0,0,0,0,0,0,0,0,0,0,0,0,0,0,0,0,0,0,0,0,0,0,0,0,0,0,0,0,0,0,0,0,0.000115759,0.0004804,0.000377344,0.000116331,0.000636212,0.000990855,0.000113885,0.001262,0.000756295,0.00181613,0.00175706,0.00130168,0.00230016,0.00375746,0.00149377,0.00433242,0.0043144,0.00411525,0.00785063,0.00345196,0.00454423,0.0070851,0.00525643,0.00603489,0.00690631,0.00881267,0.0104182,0.0117176,0.0112379,0.0117397,0.0116297,0.0111105,0.0112583,0.010596,0.00938669,0.00708378,0.00434892,0.00233595,0.00170555,0.000940166,0.000723947,0.000351251,0.00058504}:
{0,97,0,0,0,0,0,0,0,0,0,0,0,0,0,0,0,0,0,0,0,0,0,0,0,0,0,0,0,0,0,0,0,0,0,0,0,0,0,0,0,0,0,0,0,0,0,0,0,0,0,0,0,0,0,0,0,0,0.0001201,0,0,0.000120454,0,0.00134901,0,0.0011514,0.00181613,0.00269149,0.000840165,0.00381085,0.00252155,0.00304961,0.0036821,0.00301463,0.00550139,0.00607401,0.00407456,0.00565221,0.00391518,0.00498594,0.00637578,0.00732702,0.00789964,0.00946767,0.0107034,0.0118416,0.0116937,0.0127313,0.0119927,0.0108587,0.00981578,0.0104434,0.00699136,0.00417368,0.00220367,0.00157615,0.000903788,0.000511672,0.0013539,0}:
{0,97,0,0,0,0,0,0,0,0,0,0,0,0,0,0,0,0,0,0,0,0,0,0,0,0,0,0,0,0,0,0,0,0,0,0,0,0,0,0,0,0,0,0,0,0,0,0,0,0,0,0,0,0,0,0,0,0,0,0.000377344,0.00038177,0.000481818,0.000119643,0.000455541,0.000477871,0.0006359,0.000999291,0.00083724,0.00171284,0.00261413,0.00206572,0.00282935,0.0017174,0.00201982,0.00449154,0.00293711,0.003695,0.00454423,0.00499632,0.005784,0.00569401,0.00806327,0.00762585,0.00910623,0.0106212,0.0114661,0.0103531,0.0119926,0.0110333,0.011607,0.010823,0.0101871,0.00710026,0.00416526,0.00279257,0.00133094,0.000976544,0.000889707,0.000117084,0.0012525}:
{0,97,0,0,0,0,0,0,0,0,0,0,0,0,0,0,0,0,0,0,0,0,0,0,0,0,0,0,0,0,0,0,0,0,0,0,0,0,0,0,0,0,0,0,0,0,0,0,0,0,0,0,0,0,0,0.000114927,0,0,0,0.000984653,0,0.000515758,0.00078528,0.00108915,0.0021656,0.00171946,0.00369802,0.00356113,0.00423334,0.00601774,0.00673485,0.00790939,0.0114966,0.0145041,0.01658,0.0171561,0.0242508,0.0249207,0.0293955,0.0289037,0.0279375,0.0328516,0.045009,0.062678,0.0749614,0.0784058,0.087596,0.0856791,0.0880836,0.0868732,0.0815916,0.0822663,0.0604177,0.0340547,0.0200188,0.0138977,0.0105393,0.00547908,0.00524741,0.00405003}:
{0,97,0,0,0,0,0,0,0,0,0,0,0,0,0,0,0,0,0,0,0,0,0,0,0,0,0,0,0,0,0,0,0,0,0,0,0,0,0,0,0,0,0,0,0,0,0,0,0,0,0,0,0,0,0,0,0,0,0,0.000377344,0,0,0,0,0,0.000240791,0,0.000114978,0.000494027,0.000913847,0.00131776,0.00224766,0.00225932,0.002127,0.00355753,0.00465272,0.0058688,0.00440779,0.0086333,0.00947405,0.0120244,0.0143844,0.0208775,0.0397828,0.0525714,0.0626604,0.0718143,0.0775646,0.0781555,0.0786165,0.0782912,0.0753889,0.0610081,0.0363629,0.0215962,0.0140074,0.0105287,0.00812789,0.00568276,0.00154502}:
{0,97,0,0,0,0,0,0,0,0,0,0,0,0,0,0,0,0,0,0,0,0,0,0,0,0,0,0,0,0,0,0,0,0,0,0,0,0,0,0,0,0,0,0,0,0,0,0,0,0,0,0,0,0,0,0,0,0,0,0,0,0,0,0,0,0,0,0,0.000115379,0.000110345,0,0,0,0,0.000211188,0.000108272,0.000882116,0.000425783,0.000876449,0.00198843,0.0027592,0.00357315,0.00826832,0.0245122,0.050178,0.0776976,0.0972262,0.114683,0.128294,0.136552,0.142974,0.14275,0.12227,0.07619,0.0483238,0.0336138,0.0223261,0.0180031,0.0112154,0.00977276}:
{0,97,0,0,0,0,0,0,0,0,0,0,0,0,0,0,0,0,0,0,0,0,0,0,0,0,0,0,0,0,0,0,0,0,0,0,0,0,0,0,0,0,0,0,0,0,0,0,0,0,0,0,0,0,0,0,0,0,0,0,0,0,0,0,0,0,0,0,0,0,0,0,0,0,0,0,0,0,0,0,0,0,6.35658e-05,0.00101453,0.00662636,0.0204979,0.040684,0.0571112,0.078142,0.0953661,0.105654,0.112931,0.114943,0.0808759,0.0529028,0.0347644,0.0259124,0.0191647,0.0145928,0.00726775}:
{0,97,0,0,0,0,0,0,0,0,0,0,0,0,0,0,0,0,0,0,0,0,0,0,0,0,0,0,0,0,0,0,0,0,0,0,0,0,0,0,0,0,0,0,0,0,0,0,0,0,0,0,0,0,0,0,0,0,0,0,0,0,0,0,0,0,0,0,0,0,0,0,0,0,0,0,0,0,0,0,0,0,0,0,0.000132352,0.00185937,0.00626182,0.0167731,0.0325655,0.0512622,0.0658253,0.0784438,0.101637,0.0850796,0.0563166,0.0395589,0.0294693,0.020213,0.0139925,0.0127351}:
{0,97,0,0,0,0,0,0,0,0,0,0,0,0,0,0,0,0,0,0,0,0,0,0,0,0,0,0,0,0,0,0,0,0,0,0,0,0,0,0,0,0,0,0,0,0,0,0,0,0,0,0,0,0,0,0,0,0,0,0,0,0,0,0,0,0,0,0,0,0,0,0,0,0,0,0,0,0,0,0,0,0,0,0,0,0,0.000165563,0.00179949,0.0064054,0.0148036,0.0290981,0.0412701,0.0845188,0.0865296,0.06231,0.0433639,0.0311278,0.0207305,0.019888,0.0144078}:
{0,97,0,0,0,0,0,0,0,0,0,0,0,0,0,0,0,0,0,0,0,0,0,0,0,0,0,0,0,0,0,0,0,0,0,0,0,0,0,0,0,0,0,0,0,0,0,0,0,0,0,0,0,0,0,0,0,0,0,0,0,0,0,0,0,0,0,0,0,0,0,0,0,0,0,0,0,0,0,0,0,0,0,0,0,0,0,1.42131e-05,0.000308803,0.00164052,0.00580562,0.0142212,0.0624308,0.0816008,0.0638512,0.0463029,0.0333088,0.0244767,0.0225628,0.0128175};
>
