energy(#dis_NC)<
@energy =
{0,97,0,0,0,0,0,0,0,0,0,0,0,0,0,0,0,0,0,0,0,0,0,0,0,0,0,0,0,0,0,0,0,0,0,0,0,0,0,0,0,0,0,0,0,0,0,0,0,0,0,0,0,0,0,0,0,0,0,0,0,0,0,0,0,0,0,0,0,0,0,0,0,0,0,0,0,0,0,0,0,0,0,0,0,0,0,0,0,0,0,0,0,0,0,0,0,0,0,0}:
{0,97,0,0,0,0,0,0,0,0,0,0,0,0,0,0,0,0,0,0,0,0,0,0,0.00123247,0,0,0,0,0,0,0,0,0,0,0,0,0,0,0,0,0,0,0,0,0,0,0,0,0,0,0,0,0,0,0,0,0,0,0,0,0,0,0,0,0,0,0,0,0,0,0,0,0,0,0,0,0,0,0,0,0,0,0,0,0,0,0,0,0,0,0,0,0,0,0,0,0,0,0}:
{0,97,0,0,0,0,0,0,0,0,0,0,0,0,0,0,0,0,0.00223304,0,0,0.00160826,0,0.00129729,0,2.92206e-05,0,0,0,0,0,0,0,0,0,1.11758e-05,0,0,0,0,5.94643e-05,0,0,0,0,0,0,2.96618e-05,0,0,0,0,0,0,0,0,0,0,0,0,0,0,0,0,0,0,0,0,0,0,0,0,0,0,0,0,0,0,0,0,0,0,8.76866e-06,9.1746e-06,0,1.58699e-05,0,0,0,0,0,0,1.4931e-06,0,0,3.51401e-06,0,0,0,0}:
{0,97,0,0,0,0,0,0,0,0,0,0,0,0,0,0,0.00354974,0,0,0.00068797,0.00182789,0.00134146,0.0015584,0.00362423,0.00449082,0.00143452,0.00421698,0,0.00104576,0,0.00259024,0.00172,0,0,4.3096e-05,0,0.00101594,0.00153612,0.00115508,0,0,0,0,0.00466708,7.34144e-05,0,0.000523227,0,0,0,0.000593723,0.000669048,3.29204e-05,0,0.000666267,0,0,0,0,0.00279924,0.00196402,0,0,0,0.000116549,0,0,0,0,6.72898e-05,0.00356508,0.00620603,0,4.31206e-05,3.82759e-05,0,0,0.000724093,7.1463e-05,0,0,0,8.76866e-06,0.000110696,0.000109702,5.68771e-06,9.48413e-06,0,1.05365e-05,0.000131293,0,0,8.40618e-05,0.0001865,0,5.85746e-06,0,0,0,0}:
{0,97,0,0,0,0,0,0,0,0,0,0,0.0132146,0,0,0.0295024,0.0100112,0.00310072,0.0165725,0.00580149,0,0.00175136,0.00416827,0.00781361,0.00467563,0,0.00134246,0.0116835,0.0151421,0.00102848,0.00337838,0.000937787,0.00337129,0.00101591,0.00126393,0.00113016,0.001,0.00113854,0.00322695,0.00118192,0.00752256,0,0.00319823,2.66353e-05,0.00100571,0.00188253,0.00143225,2.96618e-05,2.8738e-05,0.00241547,0.00706863,0.00402707,0,0.000727749,0.000666267,0.000647857,6.48327e-05,0,0,0.00354824,0.000695339,0.00076712,0.00431007,0,0.00218525,2.82776e-05,0.00280904,0.00240818,0.000109724,0,0,0.00224474,0,4.31206e-05,6.38017e-05,2.59483e-05,0,0,0,2.79284e-05,4.56655e-05,0,0.000930474,0.00126149,0.00072915,0.000333588,0.000230708,0.000396221,6.32106e-06,1.59693e-05,0.00045482,0.000435833,0.000237567,3.23796e-05,0,0,0,0,0,0}:
{0,97,0,0,0,0,0,1,0,1,0.695358,0.700953,0.487118,0.509465,0.387335,0.415228,0.426464,0.409236,0.317226,0.283322,0.261879,0.251193,0.27075,0.254602,0.198853,0.219259,0.204636,0.183613,0.17549,0.149896,0.137471,0.149711,0.149092,0.14541,0.131516,0.102367,0.0937365,0.132859,0.116667,0.0796481,0.120269,0.0838664,0.115923,0.111767,0.0805655,0.0894693,0.0664966,0.0746483,0.0749237,0.0955217,0.0630932,0.0531941,0.0611846,0.0606431,0.0569463,0.0511217,0.058327,0.0560911,0.0611339,0.0569377,0.0439277,0.0492518,0.0430366,0.0429107,0.0414012,0.0361718,0.0421038,0.0314531,0.0415515,0.0574985,0.062885,0.0716217,0.0339482,0.0253191,0.0391731,0.0290074,0.0615631,0.0319317,0.0491141,0.0297869,0.0343442,0.0270458,0.0319272,0.0319877,0.0182464,0.0193017,0.0167866,0.0126441,0.0204219,0.0143423,0.0119983,0.0117945,0.00822919,0.00746557,0.00389529,0.00213363,0.00110146,0.00163625,0,0.00761038}:
{0,97,0,0,0,0,0,0,0,0,0.304642,0.268413,0.361897,0.339979,0.375874,0.316706,0.271758,0.230835,0.244499,0.295743,0.281442,0.22895,0.208252,0.164445,0.164553,0.189119,0.146703,0.152711,0.140226,0.130902,0.175573,0.140804,0.127243,0.120882,0.112732,0.108452,0.113579,0.0955956,0.0833927,0.111847,0.109043,0.0835398,0.0891674,0.0574474,0.0923246,0.0823065,0.0539992,0.0568469,0.0467482,0.0372659,0.0668393,0.0533598,0.0604241,0.0847689,0.0262532,0.0508307,0.0438773,0.0492549,0.05257,0.0331345,0.0493652,0.0597904,0.0435933,0.0562646,0.0539036,0.0321463,0.0447928,0.04829,0.0295067,0.060759,0.0396414,0.0193446,0.0345499,0.033548,0.0445976,0.0458421,0.0365321,0.0294502,0.0275396,0.0223977,0.0275818,0.0255858,0.0362386,0.0251441,0.0224342,0.0194104,0.0143718,0.0177252,0.0165143,0.0186262,0.0128634,0.0093987,0.00958546,0.00437093,0.00438036,0.00148757,0.000415383,0.000596786,0,0}:
{0,97,0,0,0,0,0,0,0,0,0,0.0301729,0.124556,0.107186,0.0744104,0.120918,0.0634304,0.126079,0.104509,0.100474,0.0936499,0.0833224,0.0678688,0.0856155,0.0900268,0.0602307,0.0651234,0.0856934,0.0646765,0.0799114,0.0700686,0.0673323,0.0443242,0.0662233,0.0517521,0.0496802,0.0429438,0.0424437,0.0447575,0.050189,0.0553406,0.0612268,0.0510092,0.0364342,0.0285157,0.0482428,0.0214233,0.0321081,0.0274469,0.0244008,0.0136538,0.0380536,0.0302847,0.0496158,0.0379857,0.0227722,0.0422608,0.0287297,0.014956,0.00981427,0.0123377,0.0255992,0.0193773,0.0357574,0.0249523,0.0265883,0.0264614,0.0268186,0.0139608,0.0277548,0.0402683,0.0126548,0.0158804,0.0158999,0.00299316,0.00660499,0.00909545,0.00626992,0.0211709,0.0280834,0.00372971,0.00925007,0.0124173,0.0133008,0.0125217,0.011279,0.0129165,0.00350156,0.00546836,0.0118098,0.00615128,0.00678842,0.00505438,0.00186629,0.00107138,0.000569048,0.000590818,0,0,0}:
{0,97,0,0,0,0,0,0,0,0,0,0,0,0.0320175,0.0678401,0.0666613,0.0540285,0.0793142,0.0689419,0.0656163,0.0769068,0.0882798,0.0625433,0.0627333,0.0737964,0.0789641,0.0972427,0.0755713,0.0461262,0.059907,0.0564382,0.0604262,0.0463398,0.0593095,0.0652436,0.0481535,0.0518706,0.0351258,0.0408562,0.0387402,0.0354638,0.0420777,0.0414057,0.0410351,0.0330371,0.0365908,0.0356488,0.0369391,0.0320219,0.0244057,0.0434887,0.0275788,0.0340304,0.0322753,0.0364749,0.0212027,0.0117835,0.0253925,0.0270281,0.0276342,0.0275779,0.0276941,0.0224289,0.0203571,0.0269783,0.00868426,0.0155869,0.0212837,0.0153413,0.0160273,0.036906,0.0365469,0.0253693,0.0158536,0.0154835,0.0100775,0.00882897,0.0129894,0.0237508,0.0205996,0.00505635,0.00976246,0.0142763,0.013013,0.019013,0.0129804,0.0068281,0.00752749,0.00742902,0.00544391,0.00813608,0.00451974,0.00450055,0.00246857,0.00206352,0.00100492,0.00117378,0.00081308,2.22909e-05,0}:
{0,97,0,0,0,0,0,0,0,0,0,0.000460581,0,0,0.0218866,0.0315098,0.0862037,0.0593433,0.0931883,0.0712607,0.0664813,0.103003,0.0774633,0.0813856,0.0904634,0.0579349,0.0589664,0.052737,0.0638487,0.0657457,0.0613335,0.058478,0.0682326,0.0567615,0.0765002,0.0486999,0.0337611,0.034226,0.0439605,0.050304,0.033731,0.0413016,0.0460449,0.0371615,0.0422409,0.0675874,0.0317655,0.0522077,0.0286419,0.0441578,0.0360196,0.0309584,0.0109596,0.0257787,0.0306859,0.030234,0.0196524,0.0170675,0.0150339,0.0228835,0.0415884,0.0290184,0.0190913,0.0112109,0.0116895,0.0146385,0.0149101,0.0349723,0.0208185,0.0271518,0.0137943,0.0273474,0.0215426,0.0329,0.0131566,0.0102686,0.0209399,0.0238204,0.0152973,0.018785,0.0183666,0.0233909,0.0145699,0.012608,0.0147572,0.0104012,0.00821137,0.00708581,0.00756987,0.00636599,0.00555673,0.00600431,0.00581568,0.00268214,0.00203693,0.000852898,0.000469219,0,0.00129548,0.000121242}:
{0,97,0,0,0,0,0,0,0,0,0,0,0,0.0113526,0.0511103,0.0044884,0.0609555,0.0363574,0.0427358,0.0602334,0.0394,0.0456315,0.0679021,0.0508031,0.0631906,0.0581027,0.0388131,0.0265346,0.060402,0.0574281,0.0511168,0.0350322,0.043867,0.045008,0.0504693,0.0508165,0.0572382,0.0604916,0.0491116,0.0405101,0.0343184,0.0375881,0.0309934,0.0269621,0.0301495,0.0559169,0.0335628,0.0488042,0.0245216,0.0283423,0.0759816,0.0318704,0.0300443,0.02169,0.0287202,0.0285507,0.0193438,0.0382338,0.0171266,0.0222292,0.0362307,0.0271402,0.0143282,0.0239108,0.0342116,0.040362,0.0172401,0.0119017,0.0282198,0.0231798,0.00753689,0.0162243,0.0205271,0.0222016,0.00715742,0.012973,0.0324335,0.00524537,0.0133818,0.0231969,0.013362,0.0126621,0.0133824,0.0180239,0.00808901,0.00962962,0.011325,0.00612848,0.00543977,0.0060862,0.00572663,0.00561348,0.00423528,0.00276535,0.00234567,0.00121836,0.00114251,0.000303441,0.000704236,0.00139011}:
{0,97,0,0,0,0,0,0,0,0,0,0,0,0,0.0215436,0.0149861,0.00354974,0.00855765,0.0499518,0.0360177,0.0496952,0.0183916,0.0368747,0.0521333,0.0317606,0.0498808,0.065637,0.0574238,0.0433624,0.0464645,0.0401481,0.0489237,0.0389062,0.0494594,0.0458574,0.0305086,0.0569856,0.04319,0.042707,0.0323083,0.0434848,0.0476409,0.034961,0.0380742,0.0315127,0.035053,0.0425902,0.0362615,0.0281669,0.0266526,0.0229138,0.0246601,0.0345816,0.0292284,0.0447345,0.0215476,0.0223273,0.0376774,0.0471008,0.0064165,0.0199945,0.0167347,0.0285846,0.0221429,0.0296296,0.0115662,0.011658,0.0225677,0.036862,0.0129021,0.0251363,0.0187178,0.0158399,0.0263863,0.0143965,0.034863,0.0112393,0.0251364,0.00943592,0.0263907,0.00447381,0.0175044,0.0115451,0.0101528,0.00682668,0.00883496,0.00747308,0.00770515,0.00607964,0.00803741,0.00797323,0.00817675,0.00530674,0.00294116,0.00224548,0.00104283,0.000145295,1.0095e-05,2.22909e-05,0}:
{0,97,0,0,0,0,0,0,0,0,0,0,0.0132146,0,0,0,0,0.0196878,0.0140507,0.0144048,0.0384876,0.0359067,0.041396,0.0454387,0.0576256,0.0500014,0.0485327,0.0437585,0.0514579,0.0341372,0.0528075,0.037539,0.038468,0.0492089,0.030537,0.0253425,0.0454773,0.0330589,0.0443772,0.0307055,0.0298541,0.041668,0.0335724,0.045179,0.0442893,0.0313096,0.0262879,0.0323632,0.0405146,0.0269786,0.030957,0.0300108,0.0238128,0.0328648,0.0294712,0.0177991,0.0159555,0.017704,0.0184552,0.0285404,0.0319135,0.0251832,0.0175364,0.0206813,0.019937,0.0218456,0.0094321,0.0227086,0.0146302,0.0197613,0.0192172,0.0185266,0.020327,0.0113053,0.0237975,0.0127478,0.020511,0.00714132,0.00483203,0.0138787,0.0220225,0.0244187,0.0129863,0.011033,0.0113384,0.00828875,0.0077329,0.00827252,0.00687715,0.0062843,0.00665074,0.00126463,0.00387855,0.00274913,0.0013619,0.00169135,0.000489339,1.0095e-05,0.00389882,0.00139011}:
{0,97,0,0,0,0,0,0,0,0,0,0,0,0,0,0,0.00997349,0.0190632,0.00847148,0.0195142,0.010287,0.0332574,0.0420212,0.0374844,0.0236317,0.0534285,0.0296869,0.0371405,0.0375875,0.0312584,0.0396395,0.0435726,0.0517404,0.0301382,0.0476623,0.0322702,0.0247263,0.0220328,0.0391941,0.0222268,0.0407495,0.0263189,0.0249091,0.0410838,0.0180217,0.0193301,0.0335348,0.0257191,0.0285205,0.0239167,0.0170821,0.0272908,0.028691,0.024835,0.0215455,0.0221681,0.022056,0.013443,0.0330813,0.0162619,0.0186714,0.0202472,0.0209918,0.0211563,0.0313902,0.0122755,0.0166993,0.0107368,0.0223927,0.0306451,0.00635715,0.00536258,0.0101344,0.0288585,0.0222071,0.0101117,0.0359604,0.0275221,0.0209707,0.00126978,0.00561744,0.012491,0.0156301,0.00999207,0.0107403,0.00897279,0.0108214,0.0149606,0.00805119,0.00555844,0.00458385,0.00650179,0.00451923,0.00394585,0.00191985,0.00413161,0.000664705,1.53489e-05,2.22909e-05,4.78383e-05}:
{0,97,0,0,0,0,0,0,0,0,0,0,0,0,0,0,0.0099169,0,0.00847148,0.0216417,0.014142,0.0319539,0.0375652,0.0570907,0.0430067,0.0381897,0.0293022,0.0376343,0.0635251,0.0574062,0.0550704,0.0470782,0.0300093,0.0332893,0.0308447,0.0312592,0.0368473,0.0435287,0.0333088,0.0288783,0.0434374,0.0350485,0.02471,0.0519537,0.0430096,0.0451973,0.0301135,0.0287776,0.0327724,0.0572863,0.0277609,0.0329987,0.0134048,0.0219769,0.0264798,0.0245807,0.0341041,0.0266631,0.021173,0.0249253,0.028483,0.0285582,0.023101,0.0117627,0.0117084,0.0307841,0.0283531,0.00441279,0.00769729,0.0421077,0.0334652,0.0210878,0.00403298,0.0148151,0.0131371,0.0221854,0.0144208,0.0168288,0.0132983,0.0114966,0.0117382,0.00925046,0.0126443,0.0158984,0.00967036,0.0123201,0.0110188,0.0102718,0.0106019,0.00894112,0.010542,0.011055,0.00522468,0.00396662,0.00203132,0.000228625,0.000371447,0.000802985,0,0}:
{0,97,0,0,0,0,0,0,0,0,0,0,0,0,0,0,0.000157916,0.00829352,0.0143395,0.0136796,0.0207366,0.0133487,0.0197473,0.0125232,0.0336743,0.0387709,0.0437784,0.0499759,0.0381363,0.0448444,0.0396596,0.0449141,0.0339294,0.0503301,0.0463221,0.0513144,0.0412979,0.0474779,0.0584278,0.0455655,0.0358652,0.0344342,0.0276222,0.0228732,0.0442948,0.0165577,0.0102635,0.0354083,0.0317683,0.0225949,0.0361809,0.039451,0.0244728,0.0306377,0.0248479,0.0257588,0.0378061,0.015361,0.0160854,0.0235111,0.0160735,0.0199458,0.0289911,0.041754,0.0139415,0.0191356,0.0225902,0.016593,0.0227331,0.0245807,0.0325558,0.0319416,0.0261164,0.0240961,0.0106749,0.0206993,0.00874167,0.021445,0.0124194,0.0107018,0.0157989,0.0119014,0.0144171,0.012012,0.0112015,0.0117171,0.006336,0.00941459,0.00997401,0.00547938,0.00499496,0.00879366,0.00504486,0.00341462,0.00292304,0.0011508,0.00106456,0.00097804,0,0}:
{0,97,0,0,0,0,0,0,0,0,0,0,0,0,0,0,0,0,0.00633778,0.011603,0.0240821,0.0196487,0.0223087,0.0325098,0.0271071,0.0317736,0.0303504,0.0421046,0.0426186,0.0381366,0.030102,0.0289304,0.0725554,0.0256376,0.044069,0.0611682,0.0393003,0.041781,0.0322217,0.0454038,0.031667,0.028557,0.0296033,0.0286854,0.0196371,0.01378,0.0351321,0.0216872,0.0363794,0.0319519,0.0335692,0.0248892,0.0255585,0.0190507,0.0336508,0.0417156,0.0164682,0.0288581,0.00954175,0.0290736,0.00949797,0.00764937,0.0342254,0.0226205,0.0507142,0.0247094,0.0164703,0.0205296,0.0297491,0.0315773,0.0294859,0.00802664,0.0289145,0.0181473,0.0314575,0.0115411,0.00906248,0.0236361,0.0192365,0.0151039,0.0040551,0.00935081,0.0193454,0.0193168,0.010282,0.00690389,0.0110913,0.00652491,0.00668512,0.00712926,0.0087563,0.00767523,0.00519857,0.00457774,0.00206239,0.00146982,0.00113825,0.000802985,0,0}:
{0,97,0,0,0,0,0,0,0,0,0,0,0,0,0,0,0,0,0.00847148,0,0.0102131,0.0180436,0.0015584,0.027503,0.0150549,0.0221989,0.0341797,0.032622,0.0231698,0.0264234,0.0317445,0.0397592,0.0313937,0.0441363,0.0276084,0.0483253,0.0336514,0.0288803,0.0277128,0.0412091,0.0475741,0.0335761,0.0371487,0.0412778,0.0315717,0.0308736,0.0330291,0.0278205,0.0207497,0.0227794,0.0422713,0.0157602,0.0147257,0.014305,0.0126756,0.0206573,0.0284658,0.0299666,0.0227733,0.0208899,0.0261554,0.0112138,0.0386583,0.0161674,0.0195125,0.0185128,0.0256637,0.014848,0.0199057,0.0087974,0.0332274,0.0199187,0.0114379,0.0114408,0.0105688,0.017323,0.00776768,0.0152693,0.0208978,0.0267067,0.0354728,0.0265456,0.0147663,0.0111945,0.0142551,0.0124828,0.0200569,0.0084669,0.00499723,0.0081343,0.0116676,0.0124919,0.0039647,0.00230078,0.00181915,0.00202019,0.00102597,0.000962692,0,0}:
{0,97,0,0,0,0,0,0,0,0,0,0,0,0,0,0,0,0.000132065,0,0,0.00510657,0.013479,0.0182315,0.00141271,0.0167073,0.0103641,0.0287976,0.0226465,0.0238541,0.0410966,0.0192396,0.0465332,0.0325678,0.033033,0.0388762,0.0570048,0.0378376,0.0290726,0.0338252,0.0552396,0.0309373,0.0463081,0.0507227,0.0441929,0.0301054,0.0432512,0.0482413,0.0317528,0.0400835,0.0397531,0.0320861,0.0383403,0.0280204,0.00685243,0.0224148,0.0418961,0.029862,0.0101681,0.0499214,0.0277297,0.0324096,0.0457287,0.0355207,0.0322816,0.0254784,0.031001,0.03164,0.0194509,0.0125606,0.0169023,0.00696721,0.016438,0.0141354,0.0114471,0.0195666,0.0188125,0.00780927,0.0153189,0.0131712,0.00910495,0.00767508,0.0218828,0.0157386,0.0171271,0.0104937,0.009102,0.0069339,0.0120696,0.00721674,0.00489061,0.00596431,0.0118007,0.00444671,0.00493603,0.00228852,0.00219309,0.00181388,0.000802985,0.00212574,0}:
{0,97,0,0,0,0,0,0,0,0,0,0,0,0,0,0,0,0,0,0,0.00510657,0.00947607,0.0125048,0.0144969,0.0103295,0.0133861,0.0177339,0.0351725,0.0346483,0.0252909,0.0200736,0.0313816,0.0383396,0.0178257,0.0195187,0.0305617,0.0398677,0.0379808,0.0180147,0.0265286,0.0248099,0.0359048,0.0172992,0.0389245,0.040906,0.0224919,0.0295308,0.0191474,0.0365644,0.0201745,0.0310775,0.0285126,0.0358897,0.0234534,0.0271959,0.0203931,0.0235013,0.0162296,0.0205914,0.0479926,0.0239123,0.0229423,0.016389,0.0276147,0.0138761,0.0269388,0.0151139,0.0242773,0.0212341,0.0226515,0.0164795,0.0133105,0.0266443,0.0212933,0.0158301,0.0041113,0.0194106,0.00870074,0.0269228,0.023703,0.00439276,0.0163658,0.0154934,0.0123719,0.0131147,0.0122516,0.0123771,0.00551583,0.0104197,0.0121169,0.00491017,0.00755273,0.00630708,0.00311374,0.00258975,0.00137554,0.000814449,0.000303441,0,0.000121242}:
{0,97,0,0,0,0,0,0,0,0,0,0,0,0,0,0,0,0,0,0,0.000556983,7.15462e-05,0.00305043,0.00409793,0.0128141,0.00619219,0.0193466,0.0128018,0.0316788,0.0332236,0.0191338,0.0239605,0.0129084,0.028689,0.0273115,0.0314779,0.0287459,0.0341828,0.0158336,0.0182717,0.0246133,0.0209728,0.0274898,0.0161243,0.0404642,0.0223826,0.0546674,0.021021,0.0327761,0.0191869,0.0311893,0.0118824,0.0322049,0.0192002,0.0150322,0.0278006,0.0146756,0.0331186,0.01722,0.0246443,0.0276909,0.019772,0.0193579,0.0333266,0.0178878,0.030144,0.00893171,0.0165335,0.0140483,0.0213952,0.0110611,0.0108377,0.0109965,0.0111232,0.0284329,0.016408,0.0187907,0.0271338,0.0105543,0.0141288,0.00544264,0.0120579,0.0161971,0.0114526,0.0138456,0.0102258,0.00623769,0.0110153,0.0119359,0.00892669,0.00973644,0.00740893,0.00632636,0.00265292,0.0020754,0.00158341,0.00198862,0.00082857,0,0}:
{0,97,0,0,0,0,0,0,0,0,0,0,0,0,0,0,0,0,0,0,0,0.00134146,6.63751e-05,0.00129729,0.00811879,0.0123974,0.0115854,0.00563673,0.0039673,0.00644751,0.0085761,0.0172193,0.029851,0.0223761,0.0287713,0.0232232,0.0225114,0.0427517,0.0399264,0.0382164,0.0226435,0.0355419,0.0298888,0.0300793,0.0264382,0.0307322,0.0347821,0.0272972,0.0231953,0.0253133,0.00969973,0.0117998,0.0282035,0.0269541,0.0179573,0.0232649,0.0288779,0.00572633,0.0350273,0.0196574,0.00894115,0.034483,0.0189104,0.035791,0.0264163,0.0290653,0.0463021,0.0123873,0.0193158,0.0192303,0.00680032,0.00952278,0.0236186,0.0248298,0.0189811,0.00907802,0.0134542,0.0120572,0.0308484,0.00855659,0.00860339,0.0245825,0.0115429,0.0113592,0.0182684,0.0134914,0.0101076,0.00981593,0.0127957,0.0105378,0.00709015,0.0112649,0.00494721,0.00524665,0.00244117,0.00151588,0.000612415,0,0,0}:
{0,97,0,0,0,0,0,0,0,0,0,0,0,0,0,0,0,0,0,0,0,0,0,0.00169259,0.0103843,0.00109949,0.0154015,0.0127411,0.0184182,0.0252338,0.0199356,0.0151431,0.0410573,0.0302965,0.0201532,0.0343363,0.0216308,0.0206127,0.0302496,0.0351264,0.0328368,0.0244237,0.0264763,0.0487261,0.0238676,0.0476448,0.02965,0.0203018,0.0228718,0.0285425,0.0315565,0.0119165,0.0373302,0.0479631,0.0230682,0.0442333,0.0348562,0.0234195,0.0354945,0.0225377,0.0210025,0.036914,0.0105874,0.00826155,0.0345746,0.0176575,0.016047,0.00429107,0.0166938,0.0231085,0.0330458,0.0284873,0.0246059,0.0183793,0.0299962,0.00672302,0.0151889,0.0403224,0.0135327,0.0200459,0.0195964,0.0360644,0.0126277,0.0140335,0.0110953,0.0104042,0.0117706,0.0176742,0.0130448,0.00786482,0.00854051,0.00882287,0.00704253,0.00406098,0.0023399,0.00111086,0.00143674,0.000293346,0,0}:
{0,97,0,0,0,0,0,0,0,0,0,0,0,0,0,0,0,0,0,0,0,0,0.00416827,0,0.0116168,0.00417113,0.00574904,0.00545153,0.00876462,0.0220798,0.00915037,0.0131219,0.0162187,0.0223966,0.0181331,0.0183183,0.0161225,0.0203045,0.030111,0.0297007,0.0417253,0.0231225,0.0186816,0.0327189,0.0326925,0.0309077,0.0311868,0.0196958,0.0397343,0.0236124,0.0160176,0.0519398,0.0148636,0.019345,0.0199049,0.0222234,0.0108767,0.025275,0.0176133,0.0159736,0.00782345,0.0198675,0.0191773,0.0167205,0.00539637,0.0321692,0.0225887,0.0107547,0.0215427,0.021628,0.0197874,0.023388,0.0106839,0.0205538,0.0337082,0.0208384,0.0220122,0.0101393,0.0241847,0.00757134,0.0126766,0.0121926,0.0161722,0.013869,0.0102176,0.0128517,0.0100862,0.0111016,0.00632352,0.00589371,0.00758164,0.00388333,0.00531534,0.00447206,0.00256039,0.00341728,0.00239705,0.00270482,0,0}:
{0,97,0,0,0,0,0,0,0,0,0,0,0,0,0,0,0,0,0,0,0,0,0,0,0.00344316,0.00307164,0,0.0125106,0.00299586,0.009374,0.0104889,0.0181763,0.00926161,0.0184996,0.0132615,0.0260399,0.0309449,0.0215896,0.0215684,0.0284442,0.0150781,0.0312874,0.0318864,0.0252084,0.0329094,0.0111333,0.0345885,0.0320648,0.0186218,0.0252813,0.0149852,0.0192808,0.010836,0.0335544,0.00896712,0.0111546,0.0325495,0.0083413,0.0259255,0.0186112,0.0239733,0.0279782,0.0481254,0.0150274,0.0212586,0.0119643,0.0139511,0.0214687,0.0155609,0.0172227,0.0218692,0.0228942,0.015384,0.0184996,0.0103649,0.0116928,0.00847652,0.022779,0.00910269,0.0161182,0.010154,0.014567,0.0167007,0.0136108,0.00845917,0.0138973,0.0115612,0.0125942,0.00577925,0.00672266,0.00935813,0.00920483,0.00601901,0.00364153,0.00271719,0.000633701,0.00114478,0.000854014,0,0}:
{0,97,0,0,0,0,0,0,0,0,0,0,0,0,0,0,0,0,0,0,0,0,0,0,0,0,0,0,0.00584308,0.00622801,0.0177195,0.00608864,0.0167995,0.0070825,0.0126382,0.0259731,0.0320789,0.0271167,0.0278758,0.0180364,0.0226115,0.0107,0.0290685,0.0346725,0.029051,0.014722,0.0240739,0.0385509,0.0210232,0.0176545,0.0214233,0.0359738,0.0291728,0.0363385,0.0177742,0.0280438,0.0292491,0.0304363,0.0357296,0.018908,0.0324681,0.020787,0.00709383,0.0140218,0.0148611,0.0238426,0.0122619,0.00550338,0.0210046,0.0249734,0.0114503,0.0291353,0.0167253,0.0173661,0.011881,0.0198033,0.0351177,0.0317427,0.0191209,0.0112147,0.00821505,0.0244614,0.0141913,0.0110406,0.00968987,0.0121826,0.0104359,0.0133323,0.00866728,0.0101931,0.00885323,0.00491332,0.0073214,0.00334666,0.00228514,0.00285897,0.00155742,0.00110643,0,0}:
{0,97,0,0,0,0,0,0,0,0,0,0,0,0,0,0,0,0,0,0,0,0,0,0,0,0,0.00287452,0.00302467,0.00301458,0.00300505,0.0137658,0.00540786,0.00405378,0.0128293,0.0056126,0.0178919,0.0363306,0.0213953,0.00933999,0.0286187,0.0222497,0.0262086,0.0253104,0.0149494,0.00949231,0.0221797,0.0386776,0.0159563,0.0321385,0.023236,0.0182957,0.00938308,0.015923,0.0267799,0.0380216,0.0350221,0.039494,0.0379869,0.0120191,0.0232403,0.0254712,0.0195743,0.0132823,0.0402506,0.0138947,0.0316196,0.0302391,0.0155244,0.0118533,0.00873397,0.0158275,0.0167686,0.0153003,0.0122689,0.0118303,0.0123675,0.00703058,0.0153693,0.0137568,0.026789,0.0260257,0.00196832,0.0213748,0.0149728,0.0086856,0.0133385,0.0104603,0.0129063,0.00592581,0.00670987,0.0135664,0.00783704,0.00611318,0.0032782,0.00318941,0.00168711,0.00190197,0.00141526,0.00177309,0}:
{0,97,0,0,0,0,0,0,0,0,0,0,0,0,0,0,0,0,0,0,0,0,0,0,0.00344316,0,0,0.000811506,0,0.00182199,0.00355866,0.000782212,0.0105816,0.00787376,0.0150694,0.00715489,0.014896,0.0195583,0.0196889,0.0147375,0.022211,0.0286423,0.0168786,0.015959,0.0155952,0.00789498,0.0276001,0.0229231,0.0307458,0.0218358,0.0299402,0.0203038,0.0191316,0.0120413,0.0262246,0.00934729,0.0271059,0.0214015,0.0214263,0.0154867,0.0326642,0.0203981,0.0335361,0.00709218,0.022896,0.0223559,0.022489,0.018975,0.0331325,0.0191211,0.0383645,0.00558939,0.0184003,0.0204841,0.00997126,0.0142495,0.013939,0.0245897,0.0223103,0.00753002,0.0290505,0.0196961,0.015044,0.0174588,0.013873,0.0183949,0.01284,0.00823226,0.00888413,0.00812081,0.0108968,0.00929042,0.00621578,0.00419158,0.00468175,0.00248114,0.00147291,0.00379589,0.00593866,0}:
{0,97,0,0,0,0,0,0,0,0,0,0,0,0,0,0,0,0,0,0,0,0,0,0,0,0,0,0,0,0.00270952,0.00781196,0.000979506,0.00317782,0.00883752,0.0226743,0.0123575,0.00369886,0.0118694,0.0258343,0.0161396,0.0198953,0.019948,0.042493,0.0157282,0.021294,0.00803419,0.0127563,0.0258126,0.0130298,0.022217,0.0151319,0.0216208,0.0407303,0.0276514,0.0237831,0.0438884,0.0394057,0.012505,0.0259758,0.0166026,0.0156435,0.0324517,0.0124574,0.0127579,0.0224823,0.022037,0.0226888,0.0298075,0.0221887,0.0183437,0.024896,0.011601,0.0176429,0.0166292,0.0299113,0.01739,0.0141721,0.014233,0.0143667,0.0321503,0.00875178,0.0258778,0.0157826,0.0139053,0.0137071,0.0125562,0.0159663,0.0105425,0.00761966,0.0042241,0.00624688,0.0149778,0.0069614,0.00346062,0.00336608,0.00151685,0.00107725,1.0095e-05,5.64946e-05,0}:
{0,97,0,0,0,0,0,0,0,0,0,0,0,0,0,0,0,0,0,0,0,0,0,0,0,0,0,0,0,0,0,0.00552554,2.328e-05,0.00890918,0.00469711,0.00410757,0.00646598,0.01187,0.0162328,0.0144014,0.0146067,0.00814187,0.0224515,0.0194403,0.0429315,0.00800875,0.0243891,0.0214465,0.0330301,0.0272209,0.0358661,0.0438577,0.0435235,0.0299995,0.0271679,0.0162269,0.0115752,0.0332613,0.0128151,0.0179696,0.0292268,0.0214477,0.00704209,0.0122078,0.00857334,0.0106227,0.0109039,0.0228658,0.0143525,0.00344936,0.0154917,0.0111726,0.0202559,0.0177167,0.0175025,0.0151489,0.016519,0.0192282,0.00856626,0.00573103,0.031437,0.0102541,0.0137273,0.015773,0.011493,0.0133448,0.0105943,0.0146473,0.0122294,0.00948354,0.00626834,0.00694181,0.00719971,0.00319997,0.00278398,0.0033499,0.000597296,0.000308695,0.00635354,0}:
{0,97,0,0,0,0,0,0,0,0,0,0,0,0,0,0,0,0,0,0,0,0,0,0,0,0,0,0,0,0,0.000773358,0.00523979,0.00489435,0.00267541,0.00270637,0.0131991,0.00751047,0.00675906,0.0133418,0.012808,0.0127845,0.0149059,0.00860222,0.0221116,0.0129638,0.0126737,0.0229935,0.0331452,0.0182052,0.0127951,0.0328458,0.0185068,0.0169689,0.0208932,0.000891372,0.0200901,0.0503183,0.0274033,0.0439784,0.010041,0.0146305,0.00733143,0.0157057,0.0315045,0.015197,0.0161882,0.0188292,0.0202876,0.00519347,0.0129173,0.0242472,0.0110486,0.0184566,0.0201598,0.0172024,0.01256,0.0345053,0.00984379,0.0176918,0.0154185,0.0146075,0.0138174,0.0133155,0.0113538,0.0153319,0.0136859,0.00901204,0.0119421,0.00987294,0.00865578,0.00501923,0.00591312,0.00563841,0.00421916,0.00320956,0.00254701,0.000482062,0.00138968,0,0}:
{0,97,0,0,0,0,0,0,0,0,0,0,0,0,0,0,0,0,0,0,0,0,0,0,0,0,0,0,0,0,0.00259024,0.0052815,2.328e-05,0.000990837,0.00544865,0.000888953,0.00369886,0.00357832,0.00746647,0.0123521,0.00394819,0.00818702,0.00895167,0.0142209,0.0179487,0.0254827,0.0131313,0.0200273,0.0198892,0.0179077,0.0155167,0.00475758,0.0238577,0.0172257,0.018603,0.00309008,0.0218871,0.0241209,0.0194399,0.0338541,0.0166821,0.0132511,0.0377785,0.0398929,0.019427,0.0225895,0.0190352,0.0266346,0.0125246,0.0344097,0.0146585,0.0152715,0.0172063,0.0138017,0.0195386,0.0218556,0.0319101,0.0259556,0.0213123,0.014848,0.0260976,0.0311218,0.0149911,0.0137809,0.0178386,0.0104736,0.011953,0.0117171,0.0121627,0.0111181,0.0084067,0.0091124,0.0065268,0.00491852,0.00187646,0.00136315,0.000830541,0.00097804,0,0.00380519}:
{0,97,0,0,0,0,0,0,0,0,0,0,0,0,0,0,0,0,0,0,0,0,0,0,0,0,0,0,0,0,4.12467e-05,0,3.89686e-05,0.000791261,0.00270637,0.00106576,0.0111748,0.00450743,0.0065237,0.00554918,0.00869696,0.0138909,0.0102103,0.0136631,0.00769823,0.012628,0.0122037,0.00932816,0.0125423,0.0195829,0.00240919,0.0278763,0.0154127,0.0178332,0.00977014,0.012388,0.00707218,0.0163365,0.0281728,0.00502417,0.0208743,0.0164755,0.00659917,0.0216764,0.001977,0.010528,0.00718433,0.0234506,0.036012,0.0217027,0.0134591,0.0217614,0.00897409,0.0147631,0.0148169,0.0186098,0.0102686,0.0376041,0.0205378,0.0204972,0.0193469,0.0246219,0.0212594,0.011702,0.0107381,0.00935212,0.0114532,0.00693878,0.00465761,0.0126726,0.00816033,0.00827147,0.00568824,0.0044115,0.00306851,0.00214824,0.00305422,0.00110643,0,0}:
{0,97,0,0,0,0,0,0,0,0,0,0,0,0,0,0,0,0,0,0,0,0,0,0,0,0,0,0,0,0,0,0,0.000730644,0,0,0.00598313,0.00563188,0.00318074,0.00685725,0.00751758,0.00252266,0.0066958,0.00920758,0.00475588,0.0137707,0.0185938,0.0248858,0.0238764,0.019099,0.0231328,0.00727931,0.0242059,0.0128813,0.0049026,0.030185,0.0253984,0.0187408,0.0308857,0.0181271,0.0177901,0.0169924,0.02464,0.0224481,0.0224327,0.0269194,0.0432018,0.0155012,0.0236563,0.0185587,0.0109198,0.0197445,0.0276119,0.0262884,0.00842625,0.0148122,0.0144859,0.0156913,0.0235041,0.0109362,0.015232,0.0111195,0.00806117,0.0118924,0.0108065,0.011902,0.00915046,0.0094887,0.00798502,0.00817792,0.0118954,0.00417464,0.0102238,0.00723817,0.00445537,0.00404539,0.00222791,0.000897092,0.000293346,0,0}:
{0,97,0,0,0,0,0,0,0,0,0,0,0,0,0,0,0,0,0,0,0,0,0,0,0,0,0,0,0,0,0,0,0,4.22016e-05,0,0,0,0.00318074,0.00650057,0.0110752,0.00426051,0.0171937,0.0104365,0.0112866,0.0185849,0.00333568,0.0160219,0.0332597,0.0269355,0.0137294,0.0269324,0.0312024,0.0323282,0.00297731,0.027014,0.0259244,0.0146072,0.0315655,0.0155175,0.0543389,0.0119344,0.0189863,0.0413982,0.0320868,0.0193266,0.0117499,0.0191568,0.0368678,0.0251315,0.0369212,0.0304384,0.0161846,0.0260331,0.000504305,0.0209433,0.0212707,0.0156689,0.0201144,0.0215105,0.00943097,0.015011,0.0127105,0.0182344,0.0108482,0.021421,0.0157211,0.0160125,0.0115336,0.0115981,0.00695836,0.0112129,0.00532925,0.00600916,0.00407941,0.00294865,0.00162729,0.000262632,0.00112177,0,0}:
{0,97,0,0,0,0,0,0,0,0,0,0,0,0,0,0,0,0,0,0,0,0,0,0,0,0,0,0,0,0,0,0,0,0,0,2.83241e-05,0,0.0127736,0.00322695,0.00197166,2.13117e-05,0.00133251,0.00747154,0.00278687,0.00757356,0.0190687,0.00893382,0.0151589,0.0203753,0.0191679,0.0194698,0.0182887,0.037448,0.0101101,0.0230911,0.0327862,0.0222414,0.0127891,0.017029,0.0308631,0.0173096,0.00434833,0.00786293,0.0145804,0.0121979,0.0207421,0.0191988,0.0284008,0.0179819,0.0158801,0.00948968,0.00279266,0.00610596,0.0137833,0.0171966,0.0266859,0.0228147,0.00976529,0.0112165,0.0191784,0.0247124,0.017601,0.0185838,0.0166272,0.0146509,0.0103184,0.0106012,0.00824906,0.00964681,0.0084672,0.00877792,0.00732925,0.00716124,0.00508661,0.00247392,0.00346874,0.000851106,0.000972787,0.00177309,0}:
{0,97,0,0,0,0,0,0,0,0,0,0,0,0,0,0,0,0,0,0,0,0,0,0,0,0,0,0,0,0,0,0,0,4.22016e-05,0,0.000888953,0.001,0.00434954,5.13856e-05,0.00441347,0.00113624,0,0.00727739,0.000175272,0.00630444,0.00708719,0.00164866,0.0099566,0.0161679,0.00674729,0.0219585,0.00643968,0.00716614,0.0295253,0.0330736,0.0223826,0.0154788,0.00757244,0.0158076,0.0399739,0.0171278,0.0161062,0.0196135,0.0229549,0.00856134,0.00471848,0.0370491,0.00767924,0.0166913,0.00264747,0.0151748,0.0183191,0.00784434,0.0139509,0.0294253,0.0239234,0.00966979,0.0109016,0.015043,0.00815404,0.0117538,0.0200195,0.0138963,0.0144095,0.017743,0.0113395,0.0125127,0.00685008,0.0126118,0.00793972,0.00926146,0.00791178,0.00585231,0.00374049,0.00283951,0.00249958,0.00047354,0.00129683,0,0.00380519}:
{0,97,0,0,0,0,0,0,0,0,0,0,0,0,0,0,0,0,0,0,0,0,0,0,0,0,0,0,0,0,0,0,0,0,0,0,0.0036278,0,0,0.00097037,5.94643e-05,0.00410647,0.00140497,0.00181593,0.00181139,0.0103046,0.00599631,0.0110939,0.00563752,0.00758843,0.00520791,0.0175997,0.0331425,0.0111475,0.0241634,0.0184115,0.0108071,0.0394963,0.00903365,0.00844063,0.0211437,0.0233278,0.00786374,0.0111602,0.0053689,0.0167551,0.00637265,0.0195649,0.0178004,0.00650141,0.0193622,0.0306921,0.0124216,0.0301457,0.0220032,0.0207108,0.0197842,0.0139598,0.0285565,0.0127767,0.025051,0.0147507,0.0175227,0.0155004,0.0158417,0.0151716,0.0133886,0.013416,0.0115797,0.0136543,0.00846913,0.00557677,0.00706696,0.00385745,0.00376114,0.000784985,0.000888336,0.000293346,0.00871214,0}:
{0,97,0,0,0,0,0,0,0,0,0,0,0,0,0,0,0,0,0,0,0,0,0,0,0,0,0,0,0,0,0,0,0,0,0,0,0.0027937,0,0,0,5.94643e-05,0.0040421,0.00446745,0.00306401,0.00873978,0.00947977,0.00367258,0.00251005,0.0130887,0.025203,0.00362546,0.027077,0.0156268,0.0236579,0.0157903,0.00940893,0.0220786,0.0241724,0.0234085,0.0285698,0.0111251,0.0124338,0.0245212,0.0150687,0.0390176,0.0229914,0.0254846,0.026495,0.0484456,0.00872071,0.00711755,0.0126626,0.00965373,0.0251214,0.0125618,0.0197477,0.0123956,0.00901509,0.0326209,0.0106874,0.0166283,0.0200652,0.0106439,0.0148229,0.0164293,0.0149086,0.0134282,0.00489698,0.011948,0.00905412,0.00869302,0.0108704,0.00685422,0.00413416,0.00347573,0.00150285,0.00160866,0.00325799,0.00177309,0.00380519}:
{0,97,0,0,0,0,0,0,0,0,0,0,0,0,0,0,0,0,0,0,0,0,0,0,0,0,0,0,0,0,0,0,0,0,0,0,0,0,0.00322695,0.00116337,0.00379374,0.0122058,7.11393e-05,0,0.00626058,0.0154667,0.00684382,0.00882426,0.00516361,0.00938875,0.0111389,0.0142554,0.0101355,0.00860045,0.0236489,0.0202552,0.00826876,0.00977637,0.00754585,0.00902345,0.0190208,0.00470201,0.0131404,0.00437391,0.0169167,0.024752,0.0120042,0.0154951,0.0142739,0.0127477,0.0158926,0.0169572,0.00866409,0.0184789,0.0110806,0.0295957,0.0300053,0.0204928,0.0172197,0.0124586,0.0379063,0.00375286,0.0106168,0.015923,0.0131911,0.00784961,0.011233,0.00985308,0.00789035,0.0102864,0.0107467,0.00640725,0.00605928,0.00407194,0.00359505,0.00194488,0.00283935,3.55389e-05,0.00177309,0}:
{0,97,0,0,0,0,0,0,0,0,0,0,0,0,0,0,0,0,0,0,0,0,0,0,0,0,0,0,0,0,0,0,0,0,0,0,0,0,0.00322695,0,5.94643e-05,3.84526e-05,0.00159912,0,0.00468374,0.00458873,0.0149325,0.00533948,0.00836593,0.0162388,0.0213609,0.00941074,0.00723387,0.00587144,0.0102067,0.0096003,0.0152798,0.0102671,0.00901201,0.00217055,0.0169355,0.010595,0.00552427,0.00840877,0.0135648,0.00252691,0.011146,0.0223407,0.00902002,0.0190379,0.00117701,0.0154179,0.0138917,0.0266713,0.0138583,0.0141477,0.0176479,0.0252748,0.0155058,0.0337767,0.0022852,0.0273094,0.0156485,0.0108994,0.0113071,0.0138446,0.0104833,0.0105029,0.0105614,0.0096164,0.0109803,0.00795624,0.0071597,0.00351857,0.00420952,0.00267016,0.000556009,0.00540186,0,0}:
{0,97,0,0,0,0,0,0,0,0,0,0,0,0,0,0,0,0,0,0,0,0,0,0,0,0,0,0,0,0,0,0,0,0,0,0,0,0,0,0,0,6.43661e-05,0.00135933,0,0,0.0123345,0.00766158,0.00326906,0.0052917,0.0205506,0.00531664,0.0173502,0.00708158,0.0165174,0.0119964,0.011286,0.0129195,0.0184745,0.0234406,0.0291692,0.00698258,0.0224013,0.010263,0.0256965,0.00870706,0.0150616,0.0188631,0.0290937,0.00446475,0.0089965,0.0156354,0.00537769,0.0172581,0.00908,0.0114652,0.0203067,0.0142198,0.0309061,0.0274562,0.0189309,0.017745,0.010116,0.0146533,0.0118801,0.0144683,0.0125221,0.00965873,0.0145491,0.0120499,0.00989065,0.0087407,0.0101558,0.00687968,0.00524006,0.00367369,0.00257858,0.00115876,0.0061791,0.00280737,0}:
{0,97,0,0,0,0,0,0,0,0,0,0,0,0,0,0,0,0,0,0,0,0,0,0,0,0,0,0,0,0,0,0,0,0,0,0,0,0,0,0,5.94643e-05,0,0,0,0,0.00515231,0.00479708,0.00220142,0.00180246,0.00933316,0.00928757,0.00948256,0.0135251,0.00985989,0.00951749,0.0170552,0.00969833,0.0110932,0.00732207,0.0278105,0.010351,0.0246838,0.00768795,0.00760857,0.0121826,0.00895319,0.0375457,0.0238813,0.0166965,0.00782689,0.0107469,0.0194021,0.0283427,0.021485,0.0105064,0.0239414,0.0088056,0.0231937,0.0284515,0.00271852,0.00891073,0.026152,0.0149509,0.0174476,0.0132281,0.0121826,0.0120789,0.011754,0.00895808,0.00830159,0.0081819,0.00422913,0.00695705,0.00414288,0.00335671,0.00213933,0.000925793,0.00179126,0.00354617,0}:
{0,97,0,0,0,0,0,0,0,0,0,0,0,0,0,0,0,0,0,0,0,0,0,0,0,0,0,0,0,0,0,0,0,0,0,0,0,0,0,0,0,0,0,2.66353e-05,0.00626058,0,0.000167658,0.0017368,0.00708819,0.000856843,0.00496234,0.000883109,0.01099,0.0163484,0.00182379,0.0128096,0.00728444,0.0121407,0.0113423,0.00331502,0.0263048,0.00973343,0.0130745,0.000579253,0.00545208,0.0154996,0.0093926,0.0366689,0.013955,0.0193489,0.0240365,0.0139765,0.0161774,0.0191221,0.0137434,0.0221349,0.0121466,0.0154802,0.0014069,0.0102024,0.00532772,0.0125114,0.0132113,0.0144275,0.0125554,0.0167033,0.0140731,0.0109411,0.00604521,0.0111026,0.0085707,0.00608032,0.00711387,0.00465102,0.00256237,0.00182302,0.000662488,0.00111168,0.00593866,0}:
{0,97,0,0,0,0,0,0,0,0,0,0,0,0,0,0,0,0,0,0,0,0,0,0,0,0,0,0,0,0,0,0,0,0,0,0,0,0,0,0,0,0.0040421,0,0,0.00137649,8.15794e-05,0,0.00155177,0.00511571,0.0153255,0.000763253,0.00414377,0.00659914,0.00887005,0.0167254,0.0154351,0.00783522,0.0053972,0.00674058,0.0132905,0.00613563,0.00674267,0.0193651,0.0322751,0.00420521,0.0153111,0.0150006,0.0111433,0.00511144,0.0167985,0.00441948,0.0222495,0.0113091,0.0330139,0.00865609,0.0050575,0.0182138,0.0127262,0.00067781,0.0255061,0.0259102,0.00873179,0.0156006,0.0175899,0.0147183,0.00790154,0.00990472,0.00761916,0.00934794,0.00836827,0.00834374,0.00384499,0.0067721,0.00318196,0.00321037,0.000668919,0.00238422,0.00271491,0,0.00380519}:
{0,97,0,0,0,0,0,0,0,0,0,0,0,0,0,0,0,0,0,0,0,0,0,0,0,0,0,0,0,0,0,0,0,0,0,0,0,0,0,0,0,0.00120684,0,0,2.63113e-05,8.15794e-05,4.56347e-05,0.00674916,0.00505442,0.0020239,5.17833e-05,0.00183141,0.00832108,0.0106854,0.00390024,0.00798574,0.00566476,0.0231661,0.0133384,0.0118911,0.00345173,0.00832183,0.0158998,0.00648999,0.0268517,0.0245189,0.00519873,0.0122758,0.0117322,0.0174103,0.0102447,0.040368,0.0161417,0.00668038,0.0228062,0.0141712,0.00591405,0.00748968,0.0140934,0.00549511,0.0220175,0.00308815,0.0177403,0.0128946,0.0168909,0.0122241,0.00845592,0.0127573,0.00752925,0.00754599,0.00757041,0.0121781,0.00572152,0.0064885,0.00304493,0.00313961,0.00336598,0.00193548,0.00129548,0.00380519}:
{0,97,0,0,0,0,0,0,0,0,0,0,0,0,0,0,0,0,0,0,0,0,0,0,0,0,0,0,0,0,0,0,0,0,0,0,0,0,0,0,0,0.0040421,0,0.00466708,0,0,0.00532031,0.00519739,0.00661914,0.00238212,0.00713076,0.00652752,0.000109749,0.00983653,0.0108824,0.00178049,0.0200506,0.012286,0.0018232,0.009932,0.0188452,0.0194804,0.0155938,0.0108504,0.0210653,0.00583891,0.00513766,0.0115467,0.0224771,0.0236917,0.0178622,0.00210086,0.0333017,0.0124757,0.0164722,0.00929108,0.00550183,0.00974574,0.0105274,0.0222145,0.0157023,0.0148534,0.0144143,0.0144834,0.0102705,0.00801423,0.00655217,0.0166905,0.00494615,0.00668899,0.00933288,0.00435165,0.00527493,0.00572865,0.00301143,0.00132408,0.00107942,0.00331709,0.00212574,0}:
{0,97,0,0,0,0,0,0,0,0,0,0,0,0,0,0,0,0,0,0,0,0,0,0,0,0,0,0,0,0,0,0,0,0,0,0,0,0,0,0,0,0,0,0,0,0.000130315,0,0.00056689,0.00653896,0.00586563,0,0.000895092,0.00344448,0.00225509,0.00865668,0,0.0130424,0.00246228,0.00693954,0.014181,0.0214544,0.0133003,0.0111588,0.0025875,0.0242747,0.00772525,0.015661,0.00669242,0.0111666,0.00479076,0.0200198,0.00644818,0.0149699,0.0223631,0.0246151,0.0165475,0.00603513,0.00558088,0.0102797,0.00618256,0.0238361,0.00712365,0.0177297,0.0121768,0.00808847,0.0118225,0.0116582,0.0103199,0.00631428,0.0104861,0.00609764,0.00863439,0.00567926,0.00552325,0.00316718,0.00385913,0.00515504,0.00129172,2.22909e-05,0}:
{0,97,0,0,0,0,0,0,0,0,0,0,0,0,0,0,0,0,0,0,0,0,0,0,0,0,0,0,0,0,0,0,0,0,0,0,0,0,0,0,0,0,0,7.43182e-05,0,0,0.00479708,0.00056689,0,0,0,0.000766725,0.0059151,9.34047e-05,0.00620578,0.00709436,0,0.00251,0.0131232,0.0068556,0.00583557,0.0108266,0.00286306,0.0151384,0.0057457,0.0284403,0.00806325,0.0188984,0.0131845,0.0194231,0.00347645,0.0156849,0.0171781,0.0232357,0.0235568,0.0117708,0.0156581,0.00436112,0.019491,0.012451,0.0133329,0.0185941,0.0141705,0.0114747,0.0131891,0.00827589,0.00757718,0.0122899,0.00955883,0.0114955,0.00810618,0.00805633,0.00698861,0.00414044,0.00283119,0.00223433,0.00153784,0.00346889,0,0.00380519}:
{0,97,0,0,0,0,0,0,0,0,0,0,0,0,0,0,0,0,0,0,0,0,0,0,0,0,0,0,0,0,0,0,0,0,0,0,0,0,0,0,0,0,2.5496e-05,0,0,0,0,0,0,0.00593675,0,2.30242e-05,0.00172224,0.0062537,0.0123043,0.000769877,0.00284295,0.00450715,0.0124791,0.00215476,0.00413108,0.0259676,0.00103442,0.00729785,0.00972548,0.00854165,0.0112463,0.00352338,0.00965656,0.00478199,0.00797269,0.0110732,0.00877702,0.00525019,0.0199467,0.0268629,0.00855616,0.0132791,0.0163736,0.0332519,0.0193333,0.0157271,0.0134404,0.0193146,0.011364,0.0173843,0.0119944,0.0120881,0.010386,0.00758305,0.0103427,0.0129328,0.00709224,0.00438029,0.0026818,0.000985795,0.00309577,0.000293346,0.00179538,0}:
{0,97,0,0,0,0,0,0,0,0,0,0,0,0,0,0,0,0,0,0,0,0,0,0,0,0,0,0,0,0,0,0,0,0,0,0,0,0,0,0,0,0,0,0,0,2.92377e-05,0,0,0,0.00174473,0,0.00863446,5.48746e-05,3.50238e-05,0,0.00163114,0.00891476,0.00964397,0.00698397,0.00271591,0.0251353,0.00497088,0.0170991,0.00851875,0.0122012,0.0161854,0.0126996,0.0162766,0.0119009,0.00436297,0.0303008,0.00236872,0.000137065,0.00703613,0.0165031,0.0185812,0.0211925,0.0175406,0.0248947,0.0149329,0.0293421,0.0155253,0.0128989,0.0117781,0.00996712,0.00842771,0.00986585,0.013748,0.0133317,0.00856787,0.00847443,0.00538048,0.00606819,0.00446514,0.00201891,0.00167716,0.00162679,0.00110643,0,0.000169081}:
{0,97,0,0,0,0,0,0,0,0,0,0,0,0,0,0,0,0,0,0,0,0,0,0,0,0,0,0,0,0,0,0,0,0,0,0,0,0,0,0,0,0,0,0,0,0,0,1.95086e-05,0,0,0,0.00192908,0.0018141,0.00796922,0.0129643,0.00546323,0.00203477,0.000229965,0.0020525,0.00219879,0.00228194,0.0042372,0.0239835,0.0157461,0.00237104,0.00229228,0.0139252,0.0142328,0.00536672,0.00131092,0.000243116,0.0218318,0.0261677,0.0193764,0.0154555,0.0303026,0.0245406,0.00832018,0.0108045,0.00928724,0.0136827,0.00989125,0.0128683,0.0167827,0.0132385,0.0123289,0.00737063,0.00804104,0.00834782,0.00988344,0.0123596,0.00860283,0.00776684,0.00429693,0.00467594,0.00209004,0.00140963,0.000993389,0.00179538,0}:
{0,97,0,0,0,0,0,0,0,0,0,0,0,0,0,0,0,0,0,0,0,0,0,0,0,0,0,0,0,0,0,0,0,0,0,0,0,0,0,0,0,0,0,0,0,0,0,0,0,0,0,0,9.1855e-05,0,0.00368245,0.00331424,0,0.0114766,0.000968754,0.00459937,0.00852483,0.00638995,0.0228371,0.0134934,0.0130604,0.000488117,0.00823378,0.0050518,0.023849,0.0167019,0.00340683,0.00266406,0.0164873,0.0287924,0.0115499,0.0135658,0.00872575,0.0133026,0.0107654,0.000160947,0.0162172,0.00820867,0.0111865,0.0120194,0.0139092,0.0130053,0.00775801,0.00888757,0.00710929,0.00774916,0.00644385,0.00828965,0.00627034,0.00393346,0.00299686,0.00263797,0.00139923,0.000328884,2.22909e-05,0.00387793}:
{0,97,0,0,0,0,0,0,0,0,0,0,0,0,0,0,0,0,0,0,0,0,0,0,0,0,0,0,0,0,0,0,0,0,0,0,0,0,0,0,0,0,0,0,0,0,0,0,0,0.00174473,0,0.00832966,9.1855e-05,0,0.00188191,0,0,7.02436e-05,0.000109469,0.00800451,0.0146535,0.0060245,0.0277282,0.00486632,0.00798877,0.00561185,0.0103398,0.0168369,0.00404655,0.00301798,0.016209,0.0123962,0.00314695,0.0012217,0.00230027,0.0288055,0.0122073,0.00433512,0.00472793,0.0375069,0.00486004,0.0287884,0.0174482,0.014036,0.0106236,0.0109745,0.00831024,0.00598839,0.00598421,0.0077157,0.0045792,0.00645513,0.00827294,0.00467852,0.00362042,0.00115657,0.00237364,0.00298281,0,0.00392643}:
{0,97,0,0,0,0,0,0,0,0,0,0,0,0,0,0,0,0,0,0,0,0,0,0,0,0,0,0,0,0,0,0,0,0,0,0,0,0,0,0,0,0,0,0,0,0,0,0,0,5.55912e-05,0,0,0,0,0.00188191,0.00163114,0,0,0,0.0110328,0.00190338,0.00359798,7.11723e-05,0.0154054,0.00463107,0.0202814,0.0133252,0.0154188,0.00813525,0.00802488,0.00264383,0.0168936,0.00749493,0.00306017,0.00893696,0.0104771,0.00145285,0.00718784,0.00796047,0.00721739,0.0125772,0.0112957,0.00862996,0.0132943,0.0104349,0.0140446,0.0133078,0.00829902,0.00744488,0.0106586,0.00932371,0.0103761,0.00527682,0.00429835,0.00376534,0.00184549,0.000862265,0.00330174,0,0}:
{0,97,0,0,0,0,0,0,0,0,0,0,0,0,0,0,0,0,0,0,0,0,0,0,0,0,0,0,0,0,0,0,0,0,0,0,0,0,0,0,0,0,0,0,0,0,0,0,0,0,0,0,0,0,0,0,0.000743342,0.00370652,0.0158015,0.000109349,0,6.35798e-05,0.00026148,0.000274454,0.00221272,0.0118567,0.000922053,0.00196468,0.0229042,0.0142142,0.0053946,0.00713056,0.0169526,0.000186875,0.000340848,0.00968809,0.0069095,0.0120522,0.00772353,0.0234105,0.0126489,0.0106641,0.0115031,0.0122155,0.0137918,0.00755714,0.0105156,0.0122435,0.0108895,0.00733799,0.0122741,0.0112195,0.00610484,0.00546945,0.00393955,0.00464482,0.00312725,0.00606111,0.00593866,0}:
{0,97,0,0,0,0,0,0,0,0,0,0,0,0,0,0,0,0,0,0,0,0,0,0,0,0,0,0,0,0,0,0,0,0,0,0,0,0,0,0,0,0,0,0,0,0,0,0,0,0,0,0,0,0,0,0,0.00681515,0.00452678,0.0020525,6.53257e-05,0.00200489,0.000170006,0.000963247,0.000125235,0.0140611,7.16674e-05,0.00894844,0.00256122,0.00851413,0.00451136,0.00235402,0.0106121,0.0262002,0.00804797,0.00743654,0.0095489,0.00409138,0.00878963,0.0151235,0.0287109,0.023981,0.00577524,0.0131002,0.0125301,0.00978486,0.00604741,0.0119069,0.00861477,0.00720298,0.0109108,0.00435995,0.00728234,0.00666758,0.00544084,0.00442803,0.0032548,0.00349202,0.000303441,3.38923e-05,0}:
{0,97,0,0,0,0,0,0,0,0,0,0,0,0,0,0,0,0,0,0,0,0,0,0,0,0,0,0,0,0,0,0,0,0,0,0,0,0,0,0,0,0,0,0,0,0,0,0,0,0,0,0,0,0,0,0,0,0.000805381,0,0.000748995,0.00827843,0.00285594,0.00223374,0.0023481,0.000535824,0.00232095,0.00210916,0.00778023,0.0132991,0.0071138,0.0115796,0.018152,0.00107828,0.0151563,0.00879816,0.011203,0,0.0101424,0.00592083,0.00954466,0.0108738,0.0148341,0.00951477,0.00882189,0.0107933,0.017348,0.0128643,0.00911366,0.00524961,0.0127325,0.00879994,0.00586422,0.00699754,0.00453469,0.003143,0.00330203,0.00369511,0.000586691,0.00177309,7.27357e-05}:
{0,97,0,0,0,0,0,0,0,0,0,0,0,0,0,0,0,0,0,0,0,0,0,0,0,0,0,0,0,0,0,0,0,0,0,0,0,0,0,0,0,0,0,0,0,0,0,0,0,0,0,0,0,0,0.00182379,0.00546323,0.000743342,0.000805381,0,0.013734,0.00190338,0,0.00251471,0.00107281,0.0164948,0.00756956,0.00208329,0.000956483,0.0001311,0.016506,0.00261857,0.00819319,0.00766625,0.0101808,0.0098249,0.00233156,0.0082957,0.0169646,0.0268114,0.0176352,0.00268345,0.00267535,0.0120324,0.0127285,0.0122963,0.0135439,0.00773414,0.0104656,0.0120267,0.0101404,0.0103972,0.00916847,0.0053746,0.00448091,0.0032434,0.0019482,0.00361297,5.81758e-05,2.22909e-05,0}:
{0,97,0,0,0,0,0,0,0,0,0,0,0,0,0,0,0,0,0,0,0,0,0,0,0,0,0,0,0,0,0,0,0,0,0,0,0,0,0,0,0,0,0,0,0,0,0,0,0,0,0,0,0,0,0,0,0,0,0.000130795,0.000109349,0,0.000106427,0.000119136,0.000857805,2.74726e-05,0.0050176,0.00689102,0.000158714,0.00894782,0.00290995,0.000121558,0.0107065,0.00956883,0.0104036,0.0104178,0.00743544,0.00661884,0.000938473,0.0176636,0.013425,0.0186771,0.0200178,0.0106129,0.0109285,0.00986407,0.0119325,0.00811269,0.00592371,0.0140895,0.00501563,0.00293972,0.00488442,0.00571582,0.00480784,0.00375015,0.00333399,0.000595078,0.00298281,0.00212574,0}:
{0,97,0,0,0,0,0,0,0,0,0,0,0,0,0,0,0,0,0,0,0,0,0,0,0,0,0,0,0,0,0,0,0,0,0,0,0,0,0,0,0,0,0,0,0,0,0,0,0,0,0,0,0,0,0,0,0.000108524,0,0,0,0,0.000106427,0,0.000125235,0.00985403,0.00990286,0.00725954,0.0106792,0.0110051,0.00261977,0.00850986,0.00440602,0.0147003,0.0154612,0.00891299,0.00952745,0.0103477,0.0154818,0.0029282,0.0107616,0.00797313,0.0213053,0.0110497,0.0134556,0.0141064,0.00939598,0.0131498,0.00783004,0.00917355,0.00997035,0.00766258,0.00575354,0.00652207,0.00504646,0.00437875,0.00176749,0.00115559,0.00380115,0.00212574,0.00456201}:
{0,97,0,0,0,0,0,0,0,0,0,0,0,0,0,0,0,0,0,0,0,0,0,0,0,0,0,0,0,0,0,0,0,0,0,0,0,0,0,0,0,0,0,0,0,0,0,0,0,0,0,0,0,0,0,0,0,0,0,0,0.00228194,0,0.00267802,7.48159e-05,0.00341819,0.000119965,0.0139573,0.00353913,0.00439956,0,0.00375886,0.00398581,0.00974383,0.0130118,0.01601,0.00427754,0.0132764,0.0202155,0.00271607,0.00774097,0.01482,0.011017,0.00935323,0.0111202,0.0120815,0.0112194,0.00770422,0.00923433,0.00579474,0.00815228,0.00847337,0.00978613,0.00601762,0.00613802,0.00389618,0.00119728,0.0022754,0.00213564,2.22909e-05,0.00456201}:
{0,97,0,0,0,0,0,0,0,0,0,0,0,0,0,0,0,0,0,0,0,0,0,0,0,0,0,0,0,0,0,0,0,0,0,0,0,0,0,0,0,0,0,0,0,0,0,0,0,0,0,0,0,0,0,0.00546323,0,0,0.00246072,3.91902e-05,0,0.00668345,0.000238272,0.00237762,0.00701784,0.000119965,0.00923346,0.000128439,0.00208315,0.00223228,0.00173746,0.00627106,0.00249505,0.0024193,0.00222336,0.010017,0.0172462,0.00106615,0.00250542,0.00486924,0.0194685,0.00586694,0.0123298,0.0126695,0.00671537,0.00645446,0.0123213,0.00878541,0.0104061,0.00907751,0.0103642,0.00833931,0.00609237,0.00463297,0.00432155,0.00148468,0.00112745,0.00170321,0.00599516,0}:
{0,97,0,0,0,0,0,0,0,0,0,0,0,0,0,0,0,0,0,0,0,0,0,0,0,0,0,0,0,0,0,0,0,0,0,0,0,0,0,0,0,0,0,0,0,0,0,0,0,0,0,0,0,0,0,0,0,0,0,0,6.0646e-05,0,0,0,0,0,0,0.00827097,0.000926839,0.0004052,0.00247334,0.0167033,0.0021509,0,0.0108392,0.00024161,0.0188622,0.00244613,0.0103007,0.00494003,0.00982321,0.0101435,0.0100829,0.00870548,0.011384,0.00873617,0.0105598,0.00770039,0.00723798,0.00648285,0.0079786,0.00638519,0.0070698,0.00282528,0.00284902,0.00140225,0.0015117,4.09339e-05,7.87856e-05,0}:
{0,97,0,0,0,0,0,0,0,0,0,0,0,0,0,0,0,0,0,0,0,0,0,0,0,0,0,0,0,0,0,0,0,0,0,0,0,0,0,0,0,0,0,0,0,0,0,0,0,0,0,0,0,0,0,0,0,0,0,0,0,0,0.000142345,0,0.00957401,0.00466153,0.0250729,0.000107005,0.0174464,0.00395063,0.015111,0.0111018,0.0496985,0.0214077,0.03192,0.0418463,0.0462675,0.0345072,0.0275393,0.0361174,0.0471555,0.0621334,0.0659635,0.0662394,0.0799295,0.0885384,0.0913415,0.0819136,0.0854542,0.0758341,0.0480015,0.0758502,0.0544165,0.0374052,0.0290475,0.0209624,0.0186022,0.0157617,0.00177309,0.00146284}:
{0,97,0,0,0,0,0,0,0,0,0,0,0,0,0,0,0,0,0,0,0,0,0,0,0,0,0,0,0,0,0,0,0,0,0,0,0,0,0,0,0,0,0,0,0,0,0,0,0,0,0,0,0,0,0,0,0,0,0,0,0,0,0,0,0,0,0,7.67302e-05,0,0.00707344,0.00227916,0.00626507,0.0043018,0.0142763,0.00444137,0.00551577,0.015536,0.00849143,0.0227518,0.0308757,0.0191167,0.00749983,0.0407574,0.0661637,0.0686505,0.0729828,0.0781618,0.0763781,0.0622517,0.0695513,0.0651941,0.0487041,0.0487431,0.0323885,0.0279788,0.018884,0.0167177,0.0130995,0.00667092,0.00416892}:
{0,97,0,0,0,0,0,0,0,0,0,0,0,0,0,0,0,0,0,0,0,0,0,0,0,0,0,0,0,0,0,0,0,0,0,0,0,0,0,0,0,0,0,0,0,0,0,0,0,0,0,0,0,0,0,0,0,0,0,0,0,0,0,0,0,0,0,0,0,0,0,0,0,0,0.00200242,0.002064,0,0,9.966e-05,0.00238245,0.00577818,0.0044989,0.0175435,0.0443308,0.0903574,0.103081,0.110875,0.116858,0.15285,0.119232,0.132296,0.118709,0.100577,0.0747499,0.047789,0.0381748,0.0314187,0.0257943,0.0148184,0.0267691}:
{0,97,0,0,0,0,0,0,0,0,0,0,0,0,0,0,0,0,0,0,0,0,0,0,0,0,0,0,0,0,0,0,0,0,0,0,0,0,0,0,0,0,0,0,0,0,0,0,0,0,0,0,0,0,0,0,0,0,0,0,0,0,0,0,0,0,0,0,0,0,0,0,0,0,0,0,0,0,0,0,0,0,0.000921754,0.0017844,0.00744647,0.0382951,0.0684335,0.0869877,0.105498,0.111869,0.116192,0.110105,0.0904762,0.0643293,0.0566067,0.0415657,0.0315118,0.0292965,0.0119763,0.0272788}:
{0,97,0,0,0,0,0,0,0,0,0,0,0,0,0,0,0,0,0,0,0,0,0,0,0,0,0,0,0,0,0,0,0,0,0,0,0,0,0,0,0,0,0,0,0,0,0,0,0,0,0,0,0,0,0,0,0,0,0,0,0,0,0,0,0,0,0,0,0,0,0,0,0,0,0,0,0,0,0,0,0,0,0,0,0.00029955,0.0023214,0.0135934,0.0342492,0.0475257,0.0691943,0.0980034,0.0833792,0.0886424,0.0672294,0.0513095,0.0485603,0.0357018,0.0227692,0.0107324,0.0271098}:
{0,97,0,0,0,0,0,0,0,0,0,0,0,0,0,0,0,0,0,0,0,0,0,0,0,0,0,0,0,0,0,0,0,0,0,0,0,0,0,0,0,0,0,0,0,0,0,0,0,0,0,0,0,0,0,0,0,0,0,0,0,0,0,0,0,0,0,0,0,0,0,0,0,0,0,0,0,0,0,0,0,0,0,0,0,0,1.32263e-05,0.00545079,0.00815361,0.027559,0.0414877,0.0695862,0.0770737,0.0678736,0.0518528,0.0528988,0.0406021,0.027338,0.0226219,0.0134611}:
{0,97,0,0,0,0,0,0,0,0,0,0,0,0,0,0,0,0,0,0,0,0,0,0,0,0,0,0,0,0,0,0,0,0,0,0,0,0,0,0,0,0,0,0,0,0,0,0,0,0,0,0,0,0,0,0,0,0,0,0,0,0,0,0,0,0,0,0,0,0,0,0,0,0,0,0,0,0,0,0,0,0,0,0,0,0,0,0.00032041,0.00116682,0.00251346,0.0096887,0.0222582,0.0678565,0.0565893,0.0566541,0.0495357,0.0359607,0.0253095,0.0230534,0.0198355};
>
