energy(#app_nue)<
@energy =
{0,97,0.98554,0.35776,0.100964,0.0395906,0.0290087,0.0173989,0.0092805,0.00572438,0.00469807,0.00340803,0.00282706,0.00178949,0.00116472,0.000972613,0.000768918,0.000545254,0.000347084,0.000340672,0.000273189,0.000233237,0.000112181,8.45661e-05,0.000105386,2.95e-05,2.31916e-05,1.46864e-05,3.14487e-05,5.89715e-06,1.95341e-05,1.80153e-05,1.88234e-05,1.05336e-05,1.37928e-05,2.9517e-05,8.14944e-06,1.99548e-05,3.00995e-07,2.04721e-05,0,0,0,0,0,0,0,0,0,0,0,0,0,0,0,0,0,0,0,0,0,0,0,0,0,0,0,0,0,0,0,0,0,0,0,0,0,0,0,0,0,0,0,0,0,0,0,0,0,0,0,0,0,0,0,0,0,0,0,0}:
{0,97,0.0144604,0.593713,0.50759,0.254652,0.13651,0.0928746,0.060227,0.0356382,0.0228992,0.0178119,0.012854,0.00907769,0.00665354,0.00554689,0.00405273,0.00307115,0.00230506,0.00175368,0.00144158,0.00123144,0.000864826,0.000484185,0.000501622,0.000459613,0.000329329,0.000263992,0.000141389,0.000138187,0.000103717,0.000119628,7.85453e-05,4.3517e-05,6.76351e-05,1.69617e-05,1.30984e-05,2.63476e-05,1.51845e-05,3.07081e-05,3.71496e-05,1.21028e-05,2.07517e-05,1.40086e-05,1.47774e-05,4.96696e-06,0,1.7762e-05,0,6.02963e-06,0,0,0,0,0,0,8.10352e-06,0,0,0,0,0,0,5.15696e-07,0,0,0,0,0,0,0,0,0,0,0,0,0,0,0,0,0,0,0,0,0,0,0,0,0,0,0,0,0,0,0,0,0,0,0,0}:
{0,97,0,0.0480884,0.337292,0.41755,0.281148,0.179456,0.12188,0.0863804,0.0555502,0.0392578,0.0270928,0.0188306,0.0144144,0.0108082,0.0075694,0.00603885,0.00471506,0.00387545,0.00293521,0.00198681,0.00177997,0.00123231,0.000949632,0.000829222,0.000631597,0.000516071,0.000392978,0.000267391,0.000186453,0.000178732,0.000195656,0.000125675,5.67961e-05,6.29285e-05,9.42105e-05,5.98468e-06,3.13254e-05,3.68204e-05,2.58671e-05,1.9445e-05,2.6193e-05,1.81256e-05,0,2.52246e-05,2.69619e-07,0,5.68961e-06,2.01953e-05,0,1.32197e-05,0,7.10946e-06,0,0,0,0,0,0,8.89965e-06,4.94624e-07,0,0,0,0,0,1.03587e-05,0,0,0,0,0,0,0,1.09567e-05,0,0,0,0,0,0,0,0,0,6.28906e-06,0,0,0,0,0,0,0,0,0,0,0,0,0,0}:
{0,97,0,0.000438704,0.0526246,0.241494,0.317969,0.257205,0.17929,0.133186,0.0935561,0.06531,0.0456981,0.0333994,0.0240468,0.0173505,0.0137514,0.0101212,0.00775001,0.00578299,0.00464387,0.00338897,0.00288034,0.00213869,0.00170562,0.00137591,0.00107726,0.00074423,0.000648696,0.00055276,0.000369372,0.000309324,0.000248439,0.000212871,0.000138768,0.0001635,0.000140834,9.50048e-05,0.000118882,2.78545e-05,4.8432e-05,4.06153e-05,4.72752e-05,4.15868e-05,1.47774e-05,9.83266e-06,3.97275e-05,1.82138e-05,6.29651e-06,1.84105e-05,2.7872e-05,2.10606e-07,0,1.48246e-05,2.48664e-05,2.45573e-07,0,0,8.65872e-06,4.66475e-07,0,0,0,0,0,0,0,0,0,0,0,1.07227e-05,0,0,0,0,0,0,0,0,0,0,4.8074e-08,0,0,0,0,0,0,0,0,0,0,0,0,0,0,0,0,0}:
{0,97,0,0,0.00152939,0.0436134,0.184958,0.255108,0.231353,0.174986,0.133738,0.0985674,0.0700849,0.0525128,0.0368677,0.0272226,0.0200369,0.0155021,0.011968,0.00906809,0.00693153,0.00516892,0.00423658,0.00320867,0.00235517,0.00191948,0.00166008,0.00131213,0.000968421,0.000842334,0.000542321,0.000553427,0.000465322,0.000362639,0.000277403,0.000262755,0.000193955,0.000140346,0.000112944,8.4495e-05,7.2111e-05,9.91739e-05,4.32723e-05,4.98207e-05,4.30262e-05,2.10611e-05,3.9619e-05,2.882e-05,1.93599e-05,2.68681e-05,1.34025e-05,5.6314e-07,3.69637e-07,0,8.21622e-06,4.11067e-07,4.32198e-07,8.67459e-06,0,2.9294e-05,0,2.95491e-07,9.57811e-06,0,0,5.39396e-07,1.06415e-05,1.03587e-05,0,5.57459e-07,0,0,0,0,0,0,0,0,0,0,0,0,8.04714e-08,0,0,0,0,0,0,0,0,0,0,0,0,0,0,0,0,0}:
{0,97,0,0,0,0.00309958,0.0445943,0.147427,0.214801,0.205404,0.1723,0.133568,0.100422,0.0749238,0.054933,0.0401244,0.0304114,0.022759,0.0171165,0.0131277,0.00981614,0.00796619,0.0062431,0.00475081,0.00366318,0.00265684,0.00240165,0.00191657,0.00139281,0.0012584,0.000911761,0.000678723,0.000549386,0.000578702,0.000315656,0.000332784,0.000351955,0.000246789,0.000214055,0.000228094,7.02589e-05,9.65616e-05,4.97993e-05,1.72577e-05,4.33073e-05,5.15042e-05,6.97894e-05,5.17162e-05,5.00359e-05,7.05705e-06,7.00598e-06,2.21387e-05,7.66981e-06,7.10946e-06,1.54811e-05,0,3.61094e-05,3.70121e-05,0,2.78674e-07,3.00915e-05,0,9.57811e-06,4.20541e-05,1.04343e-06,5.39396e-07,0,0,3.33792e-07,0,0,1.59685e-06,0,0,0,0,0,2.23944e-05,0,1.14891e-05,0,0,6.5623e-06,5.17821e-08,9.32783e-08,0,0,0,1.98981e-07,0,9.01123e-06,0,0,0,0,0,0,0,0,0}:
{0,97,0,0,0,0,0.00561352,0.0431003,0.129501,0.189254,0.187865,0.163314,0.131337,0.103633,0.0782712,0.0573704,0.0425687,0.0328832,0.0250365,0.0193785,0.0139492,0.0114004,0.00840536,0.00649262,0.00520344,0.00424692,0.00319984,0.00247488,0.0019865,0.00174213,0.00118065,0.00108585,0.000982047,0.000751203,0.000500199,0.000567036,0.000429203,0.000249631,0.000274063,0.000190858,0.000225453,0.00010775,0.000102763,9.23285e-05,0.000155208,5.32527e-05,7.12858e-05,0.000140243,8.36139e-05,0.000105221,7.02793e-05,5.6314e-07,9.60098e-07,0,7.82025e-06,2.64711e-05,2.58197e-07,9.30347e-06,1.82411e-05,3.80402e-05,4.74659e-07,4.94624e-07,0,9.66908e-06,1.00936e-05,0,3.48699e-05,0,3.33792e-07,1.04521e-05,3.55571e-05,1.07227e-05,9.119e-07,0,3.5117e-07,6.98212e-07,0,0,0,1.14891e-05,0,0,0,1.71186e-06,1.74893e-06,0,6.43558e-08,0,0,0,0,0,0,0,0,0,0,0,0,0}:
{0,97,0,0,0,0,0.000199698,0.00660984,0.0445159,0.114688,0.169054,0.172762,0.154635,0.128651,0.101747,0.0780458,0.0610193,0.0454622,0.0340221,0.0261349,0.0197328,0.0154233,0.0116008,0.00899386,0.00733554,0.00553774,0.00435631,0.00336417,0.00280293,0.00210341,0.00167846,0.00146276,0.00105271,0.000900804,0.000832307,0.000612327,0.000637485,0.000365907,0.000322708,0.000289744,0.000189877,0.000147517,0.000138234,0.000149856,8.32386e-05,0.000118993,0.000112197,0.000105792,5.87457e-05,1.20593e-05,6.91464e-05,5.00569e-05,1.42307e-05,4.53048e-07,2.44892e-05,4.18857e-05,1.7846e-05,9.39082e-06,4.63184e-05,3.87853e-05,2.83564e-07,2.00318e-05,3.25912e-05,9.66908e-06,1.11371e-05,0,0,4.56062e-05,0,0,1.06162e-05,0,9.119e-07,0,0,0,1.10607e-05,5.97197e-07,0,2.29782e-05,0,0,1.28545e-07,1.62518e-06,5.57249e-08,0,6.76502e-06,7.67041e-06,0,2.57056e-06,0,0,0,0,0,0,0,0,0,0}:
{0,97,0,0,0,0,0,0.000819619,0.00793018,0.0430014,0.103858,0.150404,0.16184,0.148725,0.124548,0.101385,0.080064,0.0615378,0.0482824,0.0364872,0.0282173,0.0221459,0.0164728,0.0128409,0.0103126,0.00778422,0.00616112,0.00485216,0.00360113,0.00316913,0.00242798,0.00169869,0.00155325,0.00125298,0.000878975,0.0007344,0.000663681,0.000603161,0.000432697,0.000409275,0.00044327,0.000252537,0.000399347,0.000191882,0.000132583,0.000141664,9.64102e-05,7.08887e-05,2.05106e-05,0.000106249,2.0005e-05,6.57963e-05,0.000101111,1.49773e-05,4.77718e-05,2.77844e-05,9.40012e-06,5.3645e-05,2.62521e-05,2.67051e-05,8.89965e-06,4.16204e-05,1.97666e-05,9.66908e-06,2.01873e-05,3.49521e-05,0,1.06888e-05,0,8.90487e-07,0,0,1.07034e-05,5.83151e-07,5.87825e-07,3.66977e-05,0,1.11972e-05,1.15245e-05,3.6607e-07,1.14505e-05,2.3153e-05,1.5088e-06,5.61664e-06,0,0,1.07726e-07,0,0,8.1904e-08,0,2.85153e-06,0,0,0,0,0,0,0,0}:
{0,97,0,0,0,0,0,0,0.00117947,0.0102449,0.041888,0.0964611,0.139735,0.149593,0.142352,0.120758,0.100713,0.0788015,0.061808,0.0475681,0.0376816,0.0284655,0.022444,0.0172655,0.0136319,0.0101496,0.00826988,0.00662721,0.00512803,0.00408779,0.00307602,0.0024941,0.00207289,0.00166666,0.00139707,0.00102894,0.000832762,0.000673971,0.000706561,0.000419713,0.000511,0.000277206,0.000353437,0.000282903,0.000233326,0.000277343,0.000126554,0.000150411,0.000167787,0.000109382,3.26664e-05,4.98463e-05,0.000151825,8.43088e-05,4.83272e-05,6.54187e-05,7.20447e-05,3.728e-05,5.87397e-05,1.8704e-05,1.85575e-05,5.01043e-05,2.92452e-05,2.03696e-05,3.22662e-05,1.06528e-05,2.09544e-05,3.4695e-05,0,0,3.38255e-07,6.83303e-07,1.07034e-05,5.83151e-07,0,9.33477e-07,5.89918e-07,0,0,0,0,3.68855e-07,3.11375e-06,3.76931e-06,5.57249e-08,0,2.01981e-06,0,0,0,0,0,3.43994e-08,0,0,0,0,0,0,0}:
{0,97,0,0,0,0,0,0,4.11567e-05,0.00134794,0.0117578,0.0422955,0.0913676,0.127104,0.142558,0.135329,0.119873,0.0997021,0.0796612,0.0624732,0.0497904,0.03857,0.0304609,0.0232426,0.0178857,0.0144428,0.0110398,0.008945,0.00686451,0.00557118,0.00412688,0.00353339,0.00266002,0.00197752,0.00175978,0.00139468,0.0011276,0.00102589,0.000844449,0.000775258,0.000476494,0.000569456,0.000416206,0.000415345,0.000302049,0.000200071,0.000138604,0.00011528,0.000137111,0.000172158,0.000132148,5.55405e-05,8.21102e-05,0.000108195,7.30342e-05,6.68975e-05,7.99742e-05,3.728e-05,2.68998e-05,8.55717e-05,4.74659e-07,2.95491e-07,2.90395e-05,1.04929e-05,3.30748e-05,6.44476e-07,1.17415e-05,0,6.67584e-07,1.11492e-06,1.11824e-05,3.65974e-05,4.65529e-05,1.16306e-05,4.88751e-05,5.84371e-07,0,0,0,0,1.22141e-06,3.68855e-07,5.21444e-06,5.17821e-08,6.15576e-06,1.99736e-06,2.25625e-06,2.25423e-06,0,0,0,9.08563e-08,1.38674e-06,0,0,0,0,0,0,0}:
{0,97,0,0,0,0,0,0,0,0.000145551,0.0024847,0.0132838,0.0423588,0.0858572,0.120671,0.135461,0.130522,0.115911,0.0976567,0.0801658,0.0635805,0.05116,0.0399138,0.030392,0.0248459,0.0190395,0.0148125,0.0120242,0.00919895,0.00749303,0.00559597,0.00469487,0.00339262,0.00310971,0.00221869,0.00199947,0.00145316,0.00109745,0.00117623,0.000863065,0.000839656,0.000554045,0.000541142,0.000521059,0.000391241,0.000397831,0.000324004,0.000248157,0.000129493,0.00020737,0.000150954,0.000175522,0.00019738,6.41919e-05,9.10317e-05,3.21426e-05,4.05176e-05,8.15342e-05,1.78692e-05,5.79558e-05,2.98079e-05,6.64017e-05,1.53253e-06,6.1908e-05,4.02729e-05,3.08797e-05,4.51828e-05,1.14637e-05,6.68499e-05,3.58981e-05,5.66208e-07,4.66368e-05,1.18452e-05,3.66211e-05,9.38994e-07,1.09567e-05,3.5242e-07,3.56769e-07,2.30489e-05,2.3591e-05,0,0,8.32819e-06,4.87554e-06,1.17712e-05,0,0,0,0,8.60967e-06,0,0,1.28648e-08,0,0,0,0,0,0,0}:
{0,97,0,0,0,0,0,0,0,0,0.000299479,0.00293389,0.0149236,0.0440134,0.0828995,0.116714,0.128833,0.128719,0.114941,0.0973391,0.081075,0.0661133,0.0516292,0.0402105,0.0319147,0.0257772,0.0196516,0.0156595,0.0120701,0.00987093,0.00746807,0.0061907,0.00490222,0.00391558,0.00323576,0.00252081,0.00204076,0.00173773,0.00148955,0.00121277,0.000911304,0.000784489,0.000564895,0.000637276,0.000368653,0.000422315,0.000341407,0.000378908,0.000267937,0.00025512,0.000239077,0.000149802,0.000111901,0.000102449,8.25154e-05,9.69848e-05,0.000159516,2.75494e-05,3.90451e-05,1.77711e-05,0.00013798,9.15255e-05,7.20248e-05,1.98539e-05,6.32541e-05,4.39868e-05,3.09387e-05,1.09112e-05,2.09521e-05,0,1.11824e-05,5.71893e-07,7.31816e-05,5.83151e-07,1.10215e-05,3.28701e-05,9.42338e-07,4.94139e-05,0,0,3.83515e-05,1.19454e-05,6.94793e-06,5.4125e-06,1.80465e-06,6.58949e-06,6.43558e-08,1.92053e-07,1.24565e-07,0,0,0,4.16628e-07,0,0,0,0,0,0,0}:
{0,97,0,0,0,0,0,0,0,0,5.22549e-05,0.000512658,0.00357866,0.0157172,0.0432784,0.0822229,0.108288,0.122769,0.122733,0.110024,0.0962399,0.0803187,0.0655396,0.0534527,0.0418929,0.0326262,0.0258304,0.0203362,0.0159636,0.0125779,0.00992514,0.00777689,0.00616725,0.00513533,0.00425409,0.00332557,0.00244568,0.00216544,0.00203435,0.00143861,0.00126133,0.00108846,0.000848452,0.000624303,0.000438139,0.00051629,0.000374369,0.000329578,0.00055465,0.000338313,0.000380714,0.00019917,0.000266517,0.000168178,0.000218866,0.000159755,0.000107632,0.000111933,0.000103233,4.82767e-05,4.62058e-05,1.93381e-05,2.04831e-05,1.13166e-05,2.0709e-05,5.39396e-07,7.85431e-05,3.72349e-05,4.70153e-05,2.15703e-05,0,1.12946e-05,1.10445e-05,5.94203e-05,3.69146e-05,1.09567e-05,1.10607e-05,3.75032e-05,0,1.22212e-05,1.18153e-05,4.04977e-05,2.47599e-05,7.2936e-06,5.43334e-06,2.03767e-06,6.43558e-08,1.92053e-07,7.44158e-08,8.69158e-06,0,0,2.73908e-06,0,0,0,0,0,0,0}:
{0,97,0,0,0,0,0,0,0,0,0,0.000109387,0.00103435,0.00481719,0.0178125,0.043182,0.0781336,0.105184,0.118505,0.119764,0.109422,0.0940536,0.0797904,0.0661975,0.0527084,0.0434403,0.0340755,0.027176,0.0213364,0.0169731,0.0135678,0.0106137,0.0085519,0.00696893,0.00521792,0.00430593,0.00346611,0.00269908,0.00246887,0.00182846,0.00142131,0.00136709,0.00106727,0.000893349,0.000886435,0.000620294,0.000579674,0.000481504,0.000305683,0.000322587,0.00025172,0.000273008,0.000242047,0.000176101,0.000111025,0.00013166,0.000189964,5.41089e-05,4.88974e-05,4.07421e-05,0.00015872,3.86761e-05,0.000139226,5.38864e-05,4.33785e-05,5.61457e-05,3.12673e-05,4.37525e-05,1.78506e-06,2.29096e-05,8.26348e-05,9.41872e-05,7.38637e-05,4.79033e-05,4.94629e-05,1.09567e-05,7.4682e-05,1.27484e-05,6.16483e-05,2.3591e-05,1.27909e-05,0,6.98033e-06,1.98878e-06,5.50724e-06,2.07799e-06,4.47052e-06,2.58993e-06,7.89693e-06,8.1904e-08,0,1.81713e-07,1.7561e-06,0,0,0,0,0,0,0}:
{0,97,0,0,0,0,0,0,0,0,0,0,0.00015359,0.00113808,0.00553705,0.018983,0.0433306,0.07536,0.101389,0.116495,0.113791,0.106924,0.0943139,0.0797,0.0656674,0.0539522,0.043922,0.0344333,0.0276547,0.0222906,0.0178388,0.0139877,0.0114181,0.00863122,0.00702133,0.00558556,0.00447867,0.00378393,0.00294712,0.00243486,0.00198681,0.00149683,0.00123509,0.000976684,0.000905776,0.000895112,0.000517299,0.000584823,0.00044208,0.000270358,0.000287765,0.000249847,0.000330366,0.000236138,0.000102251,0.000227801,0.000174189,7.40396e-05,3.65721e-05,0.000134224,0.00015758,5.1389e-05,7.29404e-05,1.01848e-05,7.22027e-05,3.23858e-05,1.06415e-05,5.65174e-05,2.24034e-05,1.13426e-05,6.77438e-05,4.90358e-05,8.36553e-05,1.22137e-05,3.80903e-05,0,9.42338e-07,3.84571e-05,5.11057e-05,8.84509e-05,2.35117e-05,6.17429e-07,1.29988e-05,1.98878e-06,1.53624e-05,1.02044e-05,6.89373e-06,2.32605e-06,0,1.371e-07,0,2.85153e-06,1.28648e-08,0,0,0,0,0,0,0}:
{0,97,0,0,0,0,0,0,0,0,0,2.9339e-07,5.19276e-05,0.000202864,0.00164009,0.00597002,0.0194532,0.0432912,0.0724039,0.0975651,0.111212,0.112591,0.103717,0.0932927,0.0799932,0.0656386,0.0546959,0.0446832,0.0347392,0.0282029,0.0225918,0.0186242,0.0145913,0.0115875,0.00915236,0.00703375,0.00590251,0.00464599,0.00397879,0.0030995,0.00247649,0.00226837,0.00184927,0.00140219,0.00127635,0.00100257,0.000788918,0.000843372,0.000371161,0.000400208,0.00034553,0.000311148,0.000189299,0.000284424,0.000192434,0.000278442,0.000168827,0.000123764,0.000211542,3.96495e-05,0.000178297,2.23058e-05,8.52541e-05,8.94931e-05,0.000108923,8.08793e-05,3.35745e-05,3.613e-05,2.41885e-05,0.000134842,0.000128808,1.39239e-05,1.10445e-05,3.45509e-05,8.32296e-05,7.05013e-05,2.21214e-05,5.13218e-05,9.8185e-07,0,3.63025e-05,4.12434e-05,1.76371e-05,1.55231e-05,3.96304e-06,1.93753e-06,0,2.44628e-06,0,0,0,0,4.38162e-07,0,0,0,0,0,0,0}:
{0,97,0,0,0,0,0,0,0,0,0,0,4.70018e-06,1.41273e-05,0.000476352,0.0018527,0.00733958,0.0201573,0.043526,0.0713934,0.0947515,0.107457,0.110126,0.103235,0.092006,0.0802976,0.0660088,0.0560203,0.0442998,0.0364568,0.0288906,0.0232436,0.0190559,0.0146668,0.0118837,0.00931008,0.00739719,0.0056953,0.00457481,0.00428585,0.00321346,0.00277036,0.0021792,0.00199148,0.00152828,0.00121031,0.000947935,0.000907073,0.000821736,0.000691915,0.000688281,0.000423481,0.000490952,0.000301012,0.000446459,0.000132005,0.000208068,0.000128937,0.00019605,0.000161389,9.97638e-05,0.000186586,0.000202184,0.000128326,0.000107988,0.000198647,9.97117e-05,5.70699e-05,1.36036e-05,4.88045e-05,9.3023e-05,0.000118807,8.38851e-05,1.27991e-06,2.33331e-05,3.76312e-05,2.30637e-05,2.40619e-05,3.99484e-05,0,7.33137e-05,7.3771e-07,7.51019e-06,9.12591e-06,1.75583e-05,2.12651e-05,6.36022e-06,1.4365e-07,2.4913e-07,5.14112e-06,0,0,1.42533e-06,0,0,0,0,0,0,0}:
{0,97,0,0,0,0,0,0,0,0,0,0,0,0,0.000116545,0.000505749,0.0023041,0.00817323,0.0219041,0.0437176,0.0710729,0.0916707,0.105067,0.105868,0.101239,0.0905652,0.0793481,0.065028,0.0560168,0.0452022,0.0362416,0.0288966,0.0241551,0.0187968,0.0151936,0.0121783,0.0103224,0.00775935,0.00636805,0.00535619,0.00423854,0.00343054,0.00277294,0.00267393,0.00192248,0.00164977,0.00131192,0.000859513,0.00098083,0.00066517,0.000631186,0.0006296,0.000440995,0.00054607,0.000424404,0.000296654,0.00017412,0.000275366,0.000280034,0.000241105,0.000159096,0.000162053,8.36397e-05,0.000147972,0.000184028,0.000109384,6.86659e-05,0.000125489,3.70979e-05,2.17947e-05,9.95923e-05,9.47591e-05,5.93099e-05,3.48993e-05,1.27849e-05,0,1.27079e-05,1.21512e-05,2.40308e-05,1.30807e-05,4.61668e-05,3.47295e-05,2.26916e-05,7.43206e-06,1.08473e-05,2.03767e-06,1.10201e-05,7.79064e-06,1.01581e-05,0,2.86988e-07,0,1.22415e-06,0,0,0,0,0,0,0}:
{0,97,0,0,0,0,0,0,0,0,0,0,0,0,1.22157e-05,0.000135971,0.000752232,0.00284103,0.00916483,0.022429,0.0433628,0.0686535,0.0903977,0.102619,0.104097,0.0985082,0.0910297,0.0789478,0.0666395,0.0563348,0.0464083,0.0373019,0.0307618,0.0245774,0.019447,0.0156339,0.0125581,0.0102369,0.0081716,0.00665347,0.0055024,0.00407465,0.00399467,0.00296301,0.00201052,0.00208697,0.00158145,0.00130787,0.00129255,0.000995791,0.000938075,0.000752525,0.000588677,0.000452223,0.000488507,0.000429588,0.000377074,0.000248834,0.000262478,0.000201205,0.000164696,0.000139276,0.000103818,6.63349e-05,8.94672e-05,0.000117905,0.000112749,0.000123716,5.49491e-05,7.99364e-05,0.00010848,6.91073e-05,3.43938e-05,3.40814e-05,1.34873e-05,5.58308e-05,6.10521e-05,5.12055e-05,5.40512e-05,2.37104e-05,8.9375e-05,5.29402e-05,2.73256e-05,1.74601e-05,1.00267e-05,2.05285e-05,1.10201e-05,2.39788e-06,1.98981e-07,0,2.83394e-06,0,2.21999e-06,7.90705e-07,0,0,0,0,0,0}:
{0,97,0,0,0,0,0,0,0,0,0,0,0,0,0,4.73987e-05,0.000184829,0.000904892,0.00315381,0.00967337,0.0229235,0.0431457,0.0665679,0.0878673,0.0994038,0.101882,0.0966108,0.0893119,0.0785592,0.066974,0.056206,0.0459883,0.0377587,0.0307359,0.0253859,0.0203271,0.016024,0.0133662,0.0107543,0.00908554,0.00723643,0.00577347,0.00432221,0.00372866,0.00320961,0.00232916,0.00205285,0.0017264,0.00171107,0.00110668,0.000939948,0.000748154,0.000690798,0.000674668,0.000543972,0.000465902,0.00034388,0.000344326,0.000393968,0.000163934,0.000218944,0.00023377,0.000123409,0.000149952,0.000111769,0.000162431,0.00011091,3.42763e-05,7.90022e-05,0.00012815,4.57442e-05,0.000152913,7.13775e-05,7.03541e-05,9.33121e-05,0.000124199,1.31829e-05,3.96515e-05,3.95812e-05,7.41738e-05,1.4504e-05,9.10964e-05,2.72814e-05,3.35329e-05,9.4521e-06,1.21016e-05,1.29965e-05,1.92053e-07,2.46011e-06,0,1.44778e-05,0,4.72642e-08,0,0,0,1.73537e-07,0,0,0}:
{0,97,0,0,0,0,0,0,0,0,0,0,0,0,0,0,2.01188e-05,0.00022628,0.000994517,0.00354059,0.0105336,0.0234761,0.0428781,0.0662079,0.0862425,0.0975699,0.101168,0.0964824,0.086651,0.0767991,0.0667152,0.0565155,0.0468282,0.0383277,0.0322104,0.026121,0.0205291,0.0167531,0.0136829,0.0110192,0.00885828,0.007704,0.00608694,0.00461329,0.00396428,0.00291204,0.002425,0.00218623,0.00186455,0.00132097,0.00137594,0.00101009,0.000951122,0.000708745,0.000678821,0.000412582,0.000456442,0.000449718,0.000574792,0.000181145,0.000288409,0.000297154,0.000278676,0.000259582,7.12856e-05,0.000136486,4.26802e-05,0.000114577,0.000266253,9.33665e-05,0.000117535,5.79315e-05,4.46375e-05,5.70018e-05,0.000131166,8.27405e-05,3.82259e-05,1.90793e-06,6.5456e-05,7.55187e-05,0.000113006,2.51256e-05,3.843e-05,2.13817e-05,1.76322e-05,2.19765e-06,9.47316e-06,1.01885e-05,1.82038e-05,1.63808e-07,0,0,2.246e-06,2.64834e-06,0,0,0,0,0,0}:
{0,97,0,0,0,0,0,0,0,0,0,0,0,0,0,1.10266e-05,9.93308e-06,2.08706e-05,0.000484322,0.00126481,0.00418881,0.0110951,0.0239229,0.0433553,0.064696,0.0825009,0.0949664,0.0978319,0.0957586,0.0867138,0.0772374,0.0661156,0.0563702,0.0467243,0.0389401,0.032173,0.026431,0.0210389,0.0167264,0.0137762,0.0109657,0.00899303,0.00802763,0.00580169,0.00510172,0.00409539,0.00308977,0.0027438,0.00223035,0.00192866,0.00128623,0.0012421,0.0012943,0.000982293,0.000604139,0.000572359,0.000663517,0.000580997,0.000185535,0.000309018,0.000420523,0.000316413,0.000238271,0.000251543,0.000257298,0.000103369,0.000232872,4.90287e-05,0.000153307,3.39192e-05,6.79913e-05,6.95678e-05,2.41426e-05,0.000151059,0.000124933,9.82231e-05,6.10521e-05,2.39455e-05,6.38595e-05,6.46423e-05,2.46062e-05,8.91239e-05,5.80528e-05,3.02138e-05,3.16713e-05,2.25467e-05,4.46912e-06,1.2563e-05,1.6043e-05,3.00908e-07,0,9.55073e-06,4.38162e-07,0,1.38264e-06,0,0,0,0,0}:
{0,97,0,0,0,0,0,0,0,0,0,0,0,0,0,0,0,9.16096e-06,9.52004e-05,0.000477238,0.00157395,0.00446901,0.0116071,0.0246825,0.0430525,0.0642765,0.0804086,0.091961,0.0966717,0.0931315,0.085823,0.076941,0.0673195,0.0567125,0.0472625,0.0388908,0.0333154,0.025512,0.0212757,0.0172126,0.0137186,0.0118142,0.00914045,0.00824951,0.00650728,0.00519922,0.00402683,0.00336737,0.00264211,0.00238747,0.00202173,0.00180215,0.00143831,0.00108745,0.00110849,0.00083252,0.000606899,0.000722508,0.000819977,0.000651477,0.000367456,0.000303996,0.000401221,0.000201153,0.000200511,0.000198133,9.64376e-05,0.000210614,0.000249691,0.000243876,0.000258209,0.000155431,0.000211385,0.000141405,0.000124582,3.8008e-05,8.84548e-05,0.000111103,3.73992e-05,5.13149e-05,7.36785e-05,2.58633e-05,2.96099e-05,2.53942e-05,3.70852e-05,1.61965e-05,1.32973e-05,1.01167e-05,1.0556e-05,1.371e-07,1.21322e-05,1.81713e-07,4.68367e-07,2.51937e-08,0,0,0,0,0,0}:
{0,97,0,0,0,0,0,0,0,0,0,0,0,0,0,0,0,9.01736e-06,2.13586e-05,0.000122683,0.000549047,0.00191401,0.00560439,0.0124866,0.0248137,0.0431156,0.061871,0.0790653,0.0910275,0.0954605,0.0923733,0.0860194,0.0758895,0.065594,0.0578011,0.0476848,0.0401594,0.0328284,0.0272105,0.0227779,0.0177117,0.0140279,0.0116738,0.0100395,0.00781374,0.00664023,0.00577661,0.00409969,0.00385082,0.00324934,0.00245186,0.00199558,0.00150944,0.00155014,0.00126257,0.00126359,0.000792782,0.000626692,0.000706296,0.000435356,0.00044153,0.000465139,0.000172116,0.000371515,0.00023909,0.000302338,0.000224645,0.000145228,0.00014853,7.08164e-05,0.000133786,8.38333e-05,0.000176558,0.000210828,3.6118e-05,5.76978e-05,0.000123276,4.66967e-05,9.97819e-05,5.38854e-05,4.83637e-05,9.24516e-05,5.75455e-05,3.74894e-05,1.57944e-05,2.29265e-05,4.90002e-06,1.74748e-05,1.6043e-05,5.19912e-07,5.3809e-06,3.09447e-06,1.16063e-07,1.58141e-06,0,0,0,0,0,0}:
{0,97,0,0,0,0,0,0,0,0,0,0,0,0,0,0,0,0,8.16412e-06,3.02812e-05,0.000196628,0.000687481,0.00205932,0.00601273,0.0129918,0.0258862,0.0426361,0.0615836,0.0786259,0.0882756,0.0923354,0.0917132,0.0843991,0.0770548,0.0655421,0.0571806,0.048227,0.0410298,0.0336897,0.0270814,0.021946,0.0188847,0.0153028,0.0122229,0.0102684,0.00818514,0.00667002,0.00553902,0.00425759,0.00386731,0.00344546,0.00249374,0.0018685,0.00175081,0.0014248,0.00114101,0.00124705,0.00102091,0.00126688,0.000549869,0.000649328,0.000600071,0.000422767,0.000407527,0.000339906,0.000312809,0.000362589,0.000385105,0.000213558,0.000205883,0.000181908,0.000128294,7.03544e-05,8.47793e-05,8.837e-05,6.14317e-05,4.73073e-05,0.000122657,9.75708e-05,3.66717e-05,6.07897e-05,2.5743e-05,6.12679e-05,3.19955e-05,2.99498e-05,4.07535e-06,9.42979e-06,8.34181e-06,2.85807e-06,8.60967e-06,8.5724e-08,3.1557e-06,8.67655e-07,0,0,0,0,4.57844e-05,0,0}:
{0,97,0,0,0,0,0,0,0,0,0,0,0,0,0,0,0,0,8.16412e-06,7.52247e-06,9.30816e-05,0.000157735,0.000834042,0.00232909,0.00638287,0.0134323,0.0264451,0.0434556,0.0607928,0.0761442,0.0873,0.0904131,0.0889818,0.0830024,0.0758354,0.0658589,0.0567371,0.0480942,0.0409446,0.0337608,0.0277484,0.0225591,0.0191803,0.0142179,0.0128067,0.0106651,0.00798593,0.0068549,0.00541327,0.00427697,0.00386622,0.003192,0.00268436,0.00251513,0.00212842,0.00146718,0.00115738,0.0010923,0.000842308,0.00107081,0.000796508,0.000684918,0.000628399,0.000571741,0.000489606,0.000380224,0.000372599,0.000388796,0.000312177,0.000159084,0.000128516,0.000250904,0.000196705,0.00011933,0.000120287,0.000153712,0.000159625,9.6351e-05,0.000160696,0.000164829,8.54938e-05,3.73195e-05,7.18243e-05,1.84421e-05,2.83801e-05,1.72725e-05,4.68457e-06,5.46717e-06,7.50488e-06,4.38007e-07,3.72712e-07,2.1953e-05,3.13417e-06,2.64834e-06,0,0,0,0,0,0}:
{0,97,0,0,0,0,0,0,0,0,0,0,0,0,0,0,0,0,0,0,1.33922e-05,9.81009e-05,0.000393349,0.00080806,0.00266575,0.00665532,0.0144772,0.0262364,0.0423935,0.0601773,0.0749065,0.0851974,0.0878938,0.0875438,0.0829135,0.0756791,0.0660446,0.0576578,0.048304,0.0411046,0.0339959,0.0279656,0.0226514,0.0194963,0.0158787,0.0130413,0.0107189,0.0093338,0.00698007,0.00589273,0.00416533,0.00387525,0.00373687,0.00293594,0.00255025,0.00207466,0.00162647,0.00141689,0.00138207,0.00097142,0.000878886,0.000794912,0.000530046,0.000597879,0.000457784,0.000490603,0.000392568,0.000382513,0.000208031,0.000211322,0.000260834,0.000177357,0.000201272,0.000170243,0.000170337,0.000173164,0.000109302,9.02598e-05,6.3266e-05,8.12432e-05,7.98756e-05,0.000153761,5.68889e-05,5.42207e-05,4.37062e-05,1.95703e-05,6.91983e-06,7.1981e-07,4.7455e-06,4.38007e-07,5.75361e-06,9.73244e-06,3.1943e-06,0,0,0,0,0,0,0}:
{0,97,0,0,0,0,0,0,0,0,0,0,0,0,0,0,0,0,0,0,7.02925e-06,3.37033e-05,8.24332e-05,0.000353971,0.00103723,0.00326354,0.00726952,0.0146309,0.0273618,0.0420235,0.0600652,0.0733794,0.0838682,0.0889452,0.0863516,0.0817472,0.0742829,0.0664483,0.0566618,0.0492502,0.0407458,0.0342356,0.0282937,0.023998,0.0194808,0.0159267,0.0135341,0.0110309,0.00951172,0.00721567,0.00622827,0.00522481,0.00421494,0.00341987,0.00246715,0.00246169,0.00179542,0.00174268,0.00157276,0.00100912,0.00112626,0.000799606,0.00104064,0.000702207,0.000728219,0.000397016,0.000450799,0.000513833,0.000318326,0.00036562,0.000299306,0.000258764,0.000101773,0.000146505,0.000207461,0.000110255,0.00014693,0.000104435,9.20651e-05,0.000136978,0.000126161,9.68058e-05,7.44851e-05,4.79114e-05,4.6352e-05,3.37465e-05,2.72807e-05,1.79307e-05,9.84042e-06,7.87549e-06,3.14889e-06,3.00361e-06,5.90345e-06,0,4.63091e-06,0,0,0,0,0}:
{0,97,0,0,0,0,0,0,0,0,0,0,0,0,0,0,0,0,0,0,0,6.35171e-08,2.93874e-05,0.000128404,0.000451251,0.00131625,0.0030764,0.00782379,0.0155531,0.0273469,0.0427041,0.0589629,0.0724579,0.0820676,0.0862837,0.0863286,0.0807744,0.0729086,0.0651399,0.0573138,0.0483125,0.0425016,0.0349542,0.0295939,0.0241704,0.0192205,0.0167301,0.0130035,0.0111766,0.00921881,0.00692521,0.00577016,0.00497352,0.0039122,0.00351244,0.00323992,0.00253587,0.001829,0.00191057,0.00158719,0.00106514,0.00098213,0.000766358,0.000742775,0.000769949,0.000558842,0.000481605,0.000388994,0.000295294,0.000476213,0.000225696,0.000413604,0.000308728,0.000264441,0.000117139,0.000170477,6.28422e-05,0.000156365,0.000115332,0.000203302,0.00016125,0.000166572,9.47573e-05,7.42179e-05,4.9719e-05,3.48681e-05,1.3405e-05,1.55563e-05,1.52028e-05,1.41069e-05,6.0193e-07,1.81713e-07,3.19878e-06,1.58141e-06,0,2.52151e-06,0,0,0,0}:
{0,97,0,0,0,0,0,0,0,0,0,0,0,0,0,0,0,0,0,0,0,0,6.44003e-06,3.46747e-05,0.000176876,0.000438021,0.00151683,0.00359687,0.00765587,0.0154551,0.0272986,0.0428627,0.0580381,0.0712649,0.0805134,0.0852139,0.083404,0.0806379,0.073051,0.0644938,0.0580477,0.0499988,0.0415527,0.0347563,0.0284493,0.0245086,0.0195488,0.015912,0.0135369,0.0109402,0.00904502,0.00783371,0.0060864,0.00467101,0.00446896,0.00363341,0.00290526,0.00245836,0.00229126,0.00193756,0.00154679,0.00146891,0.00136479,0.0011857,0.00102944,0.000714194,0.000649901,0.000462065,0.000657065,0.000262383,0.00047955,0.000324571,0.000286662,0.000250271,0.000230005,0.000242959,0.000213159,0.000201479,0.000113518,0.000110352,0.000123993,0.000193053,9.59292e-05,6.16179e-05,3.43913e-05,2.55832e-05,2.58681e-05,3.33668e-05,4.72378e-07,3.03528e-06,9.44171e-06,1.31311e-05,1.74398e-06,2.51937e-08,0,0,0,0,0,0}:
{0,97,0,0,0,0,0,0,0,0,0,0,0,0,0,0,0,0,0,0,0,0,1.27587e-05,2.471e-05,4.37344e-05,0.00027096,0.000662345,0.00162506,0.00403509,0.00852861,0.0162739,0.0267508,0.0420042,0.0571616,0.0701175,0.0795927,0.0840019,0.0845587,0.0790949,0.0740458,0.0656554,0.0566998,0.0493795,0.0411645,0.0355827,0.0290472,0.0254293,0.0209328,0.0173814,0.0135528,0.0105174,0.00921733,0.00759977,0.00634669,0.00538206,0.00433671,0.00374336,0.00327627,0.00242892,0.00206298,0.00203129,0.00156748,0.00135129,0.000992176,0.000951106,0.000897424,0.000586938,0.000581029,0.000610768,0.000399552,0.000471417,0.000286815,0.000181236,0.00037153,0.000277468,0.000224811,0.000239134,0.000184483,6.58523e-05,0.000169723,0.000238191,0.000115228,0.000107471,9.39151e-05,4.63007e-05,4.62488e-05,3.01544e-05,2.19874e-05,1.55005e-05,7.71168e-06,8.61551e-06,1.52538e-05,3.654e-06,3.50641e-06,0,0,0,0,0,0}:
{0,97,0,0,0,0,0,0,0,0,0,0,0,0,0,0,0,0,0,0,0,0,6.37934e-06,6.1775e-06,1.37704e-05,7.11112e-05,0.000205948,0.000659731,0.00168642,0.00417707,0.00896228,0.0170281,0.0277818,0.0428865,0.0568079,0.0695543,0.0782727,0.0832317,0.0837685,0.0786952,0.0730607,0.064682,0.0567158,0.0492019,0.041828,0.0350007,0.0305973,0.0247884,0.0203981,0.0161702,0.0149024,0.0118912,0.0105027,0.00793916,0.00689603,0.00580679,0.00469759,0.00439292,0.00299167,0.00254908,0.00198054,0.00196823,0.00130584,0.00154006,0.00153042,0.00104035,0.000807547,0.000920715,0.000501629,0.000478238,0.000579458,0.00047509,0.000289746,0.000368286,0.000244396,0.000277234,0.00020801,0.000136592,0.000245481,0.00029543,0.000200688,0.000103809,0.000109727,7.66081e-05,5.67268e-05,6.03087e-05,2.1571e-05,1.59154e-05,1.56008e-05,4.87913e-05,3.14889e-06,7.90053e-07,8.67655e-07,4.21719e-08,4.4054e-08,0,0,0,0,0}:
{0,97,0,0,0,0,0,0,0,0,0,0,0,0,0,0,0,0,0,0,0,0,0,9.837e-08,6.15616e-06,1.91807e-05,0.000100048,0.000236968,0.000760589,0.00211769,0.00468239,0.00915343,0.0173253,0.0284473,0.0421814,0.0560122,0.069065,0.0754041,0.082036,0.0820984,0.0774513,0.0711294,0.0640086,0.0567196,0.0499503,0.0438581,0.0344631,0.0299257,0.0249388,0.0203719,0.0169961,0.0157037,0.0123346,0.0100967,0.00826485,0.00719277,0.00547183,0.00423439,0.00418956,0.00286305,0.00270201,0.00240402,0.00186747,0.00167318,0.00128892,0.000895891,0.00100512,0.000995426,0.00057143,0.000669011,0.000720537,0.000442645,0.000511716,0.000364913,0.000530742,0.000277583,0.000233873,0.00023853,0.000200043,0.000181212,0.000361307,0.000230223,0.000142853,0.000117082,6.58264e-05,3.39308e-05,4.98963e-05,1.362e-05,2.59578e-05,9.51418e-06,2.41208e-05,1.53446e-05,4.85242e-06,2.51937e-08,4.4054e-08,0,0,0,0,0}:
{0,97,0,0,0,0,0,0,0,0,0,0,0,0,0,0,0,0,0,0,0,0,0,0,6.02291e-06,1.16297e-05,3.78052e-05,0.000125108,0.000373013,0.000930751,0.00209032,0.00489673,0.0100183,0.0175508,0.0283439,0.041254,0.0552911,0.0680641,0.0755581,0.0802468,0.080867,0.0771788,0.072547,0.0646857,0.0568658,0.0500359,0.0421291,0.0362145,0.030516,0.0258661,0.0221174,0.0183814,0.0148805,0.0123731,0.0101176,0.00784861,0.00673469,0.00541677,0.00520696,0.00426035,0.00372198,0.00204994,0.00245242,0.00239533,0.00196304,0.00146992,0.00132777,0.00137712,0.000753683,0.000838976,0.000547257,0.000669843,0.000420913,0.000468324,0.000300856,0.000309603,0.000350568,0.000160421,0.00044344,0.000101306,0.000278002,0.00025742,0.000178943,0.000117254,7.42895e-05,4.60129e-05,2.97076e-05,3.33473e-06,2.36466e-05,1.76841e-05,1.11345e-05,8.79752e-06,3.98896e-06,0,0,0,0,0,0,0}:
{0,97,0,0,0,0,0,0,0,0,0,0,0,0,0,0,0,0,0,0,0,0,0,0,1.78129e-06,7.55098e-06,2.2848e-05,1.70675e-05,0.000112843,0.000358364,0.00102093,0.00271938,0.00512227,0.00995037,0.017856,0.0282716,0.0417173,0.0548595,0.0662572,0.0743396,0.0791396,0.0786732,0.076511,0.0722224,0.0615375,0.0574347,0.0498129,0.0437201,0.0357778,0.0314148,0.025394,0.0217407,0.0180436,0.0153158,0.0127245,0.0106429,0.00861778,0.00734264,0.00590586,0.00593844,0.00368272,0.00344383,0.00263369,0.00252652,0.00213789,0.00191727,0.00204219,0.00126741,0.000897218,0.00081193,0.000815543,0.000661009,0.000770224,0.000441038,0.00034596,0.000496157,0.00035552,0.000178035,0.00022322,0.000401155,0.00021275,0.000273319,0.000138133,8.3889e-05,5.10402e-05,6.45796e-05,2.77955e-05,3.6077e-05,2.32486e-05,3.28277e-06,1.83374e-05,2.24685e-05,2.72276e-06,0,1.38264e-06,0,0,0,0,0}:
{0,97,0,0,0,0,0,0,0,0,0,0,0,0,0,0,0,0,0,0,0,0,0,0,0,5.81486e-06,0,5.59999e-06,7.49893e-05,0.000167599,0.000474557,0.00101579,0.00274623,0.00550796,0.010293,0.0179435,0.0287073,0.0420813,0.0544401,0.0647201,0.0738438,0.0766021,0.0769343,0.0746677,0.0711976,0.0636661,0.0579045,0.0503026,0.0417295,0.0364382,0.0309438,0.0266214,0.0225027,0.0174731,0.0148655,0.0130157,0.0105674,0.00901133,0.00800995,0.00686943,0.00548173,0.00428919,0.00328403,0.00284958,0.00292567,0.00233316,0.00232816,0.00175049,0.000918521,0.00100087,0.00114079,0.000838135,0.000660842,0.000776773,0.000409119,0.000381437,0.000324726,0.000410834,0.00034195,0.000272385,0.000199377,0.000166842,0.000183864,0.000128544,5.22174e-05,3.05569e-05,5.78245e-05,1.54652e-05,2.29051e-05,1.40784e-05,1.22458e-05,1.27361e-05,2.56885e-06,8.32877e-07,4.4054e-08,0,0,0,0,0}:
{0,97,0,0,0,0,0,0,0,0,0,0,0,0,0,0,0,0,0,0,0,0,0,0,0,0,0,5.59999e-06,1.69096e-05,5.28739e-05,0.000203419,0.000497026,0.0012839,0.00290978,0.00566589,0.0106791,0.0181464,0.0288713,0.0415256,0.0531017,0.0644455,0.0725427,0.0767261,0.0774347,0.0729024,0.0706899,0.0650541,0.0556669,0.0509996,0.0430078,0.0363839,0.0320693,0.0262689,0.0235845,0.0188097,0.0160657,0.0132713,0.00998016,0.00907561,0.00768222,0.00583747,0.00510761,0.00381839,0.00383319,0.00298785,0.00242258,0.00254947,0.00226319,0.00163093,0.00113973,0.00128459,0.00118125,0.000863515,0.000746551,0.000476528,0.000625356,0.000446181,0.000204486,0.000538408,0.000439538,0.000427921,0.000230252,0.000187337,0.000142996,0.000104316,5.35172e-05,3.89219e-05,3.25793e-05,9.44755e-07,1.08021e-05,1.49642e-05,3.33798e-07,6.86144e-06,8.32877e-07,0,0,0,0,0,0}:
{0,97,0,0,0,0,0,0,0,0,0,0,0,0,0,0,0,0,0,0,0,0,0,0,0,0,0,5.59999e-06,1.13269e-05,2.29149e-05,0.000127515,0.00022138,0.000627643,0.00121392,0.00293875,0.00590143,0.0109582,0.0187482,0.0286684,0.0410516,0.0534306,0.0641777,0.071247,0.0756594,0.07572,0.0734951,0.0683268,0.0630685,0.0570262,0.0495089,0.0424654,0.0369123,0.0308022,0.0271532,0.0216006,0.0190189,0.0160798,0.0135764,0.0104995,0.0100602,0.00724024,0.00627892,0.00565024,0.00434061,0.00388449,0.00296389,0.00241196,0.00230679,0.00178712,0.00202276,0.00158233,0.00145357,0.00067329,0.000782872,0.000807945,0.000765151,0.000729474,0.00036968,0.000507954,0.000499209,0.000322974,0.000251799,0.000243839,0.000146725,7.69373e-05,5.08027e-05,6.96616e-05,3.0781e-05,2.57815e-05,2.21747e-05,8.55774e-06,1.17399e-05,5.49317e-06,1.34731e-07,0,0,0,0,0,0}:
{0,97,0,0,0,0,0,0,0,0,0,0,0,0,0,0,0,0,0,0,0,0,0,0,0,0,0,0,0,1.70635e-06,2.93269e-05,9.59905e-05,0.000229395,0.000607261,0.00160514,0.00326641,0.00638704,0.0108348,0.0188253,0.0295102,0.040756,0.0540276,0.0644112,0.0725852,0.0756804,0.0731398,0.0744442,0.0666586,0.0616198,0.0566209,0.0507109,0.0426785,0.0376937,0.0313231,0.0262728,0.0216751,0.017995,0.0163807,0.0134515,0.0110083,0.00951765,0.00741573,0.00661288,0.00579867,0.00514066,0.00416434,0.00310245,0.00276787,0.00233827,0.00234662,0.00191582,0.00116598,0.00124132,0.00130192,0.000970717,0.000959973,0.000750847,0.00077072,0.000383628,0.000661664,0.000296184,0.000355979,0.000191965,0.000130849,8.44132e-05,6.22853e-05,2.36099e-05,5.03414e-05,4.04796e-05,3.78301e-05,2.04029e-05,6.99196e-07,4.87917e-06,8.32877e-07,0,0,0,0,0,0}:
{0,97,0,0,0,0,0,0,0,0,0,0,0,0,0,0,0,0,0,0,0,0,0,0,0,0,0,0,0,9.10074e-08,1.34819e-05,3.00826e-05,0.000103767,0.000285899,0.000680126,0.00162775,0.00332936,0.00626415,0.0117331,0.0183888,0.0296464,0.0413832,0.0524329,0.0615376,0.0701559,0.0737483,0.0733104,0.0739223,0.0701322,0.0634203,0.0571208,0.0494857,0.0422206,0.0368802,0.0329432,0.0269163,0.0229683,0.0193836,0.0162136,0.0136295,0.0116803,0.00920489,0.00807724,0.00671943,0.00598239,0.00460707,0.00425047,0.00379916,0.00331302,0.00254404,0.00201134,0.00191673,0.00142666,0.0013034,0.00124613,0.00106922,0.00074306,0.000828025,0.000486392,0.000574173,0.000555066,0.000353261,0.000235943,0.000159066,0.000117675,7.76975e-05,6.01054e-05,4.47389e-05,2.09174e-05,2.31813e-05,1.56239e-05,2.16857e-05,4.16543e-06,7.90705e-07,0,0,0,0,0,0}:
{0,97,0,0,0,0,0,0,0,0,0,0,0,0,0,0,0,0,0,0,0,0,0,0,0,0,0,0,0,0,5.86537e-06,1.82252e-05,4.5519e-05,0.00011824,0.000316882,0.000807557,0.00187802,0.00358334,0.00670226,0.0117323,0.0190912,0.029193,0.0413821,0.0514239,0.0634752,0.0675347,0.0739002,0.075061,0.0713433,0.0681547,0.0617348,0.0561179,0.0502073,0.0432888,0.037176,0.0343641,0.0274035,0.0219085,0.0190828,0.0169056,0.0149206,0.0116039,0.0098716,0.00857915,0.00691889,0.00589192,0.00491113,0.00382702,0.00361892,0.00267217,0.00246292,0.00191996,0.00184305,0.00154892,0.00180355,0.00139037,0.000948361,0.000864856,0.000533217,0.000514584,0.000494691,0.000591083,0.000339689,0.000169202,0.000119059,8.42488e-05,7.17444e-05,5.05376e-05,6.00057e-05,2.83776e-05,2.04588e-05,2.99973e-05,5.38092e-06,3.46424e-06,0,0,0,0,0,0}:
{0,97,0,0,0,0,0,0,0,0,0,0,0,0,0,0,0,0,0,0,0,0,0,0,0,0,0,0,0,0,0,1.79292e-06,1.90232e-05,6.74599e-05,0.000130668,0.000430197,0.00100647,0.00200989,0.00383401,0.00707438,0.0125179,0.0198928,0.029038,0.0399007,0.0522483,0.0623462,0.0683013,0.0739791,0.0743063,0.0699079,0.0680159,0.0632079,0.0568648,0.0508429,0.0455047,0.0377347,0.0324038,0.0275707,0.0240507,0.0197889,0.0178403,0.0146188,0.0121425,0.00917961,0.00843328,0.00802459,0.00603453,0.00481535,0.00411955,0.00304638,0.00299382,0.00242251,0.00211035,0.00188492,0.00153465,0.00106263,0.00113512,0.00101902,0.00100103,0.000675726,0.000565345,0.00055487,0.000432253,0.00024848,0.000109289,8.39544e-05,6.51318e-05,5.84522e-05,1.60974e-05,9.95041e-06,8.81677e-06,1.32219e-05,7.69022e-06,1.69916e-06,0,0,0,0,0,0}:
{0,97,0,0,0,0,0,0,0,0,0,0,0,0,0,0,0,0,0,0,0,0,0,0,0,0,0,0,0,0,0,0,8.14779e-06,4.31847e-05,0.000112862,0.000213702,0.000359789,0.000980282,0.00190237,0.00397522,0.00751791,0.0123362,0.0204703,0.0297476,0.0395745,0.0524974,0.0608598,0.066882,0.0703251,0.0723883,0.0716596,0.065822,0.0616327,0.0570719,0.0510868,0.0435978,0.0364298,0.0330222,0.0286598,0.0231146,0.0195272,0.0170983,0.0137065,0.0113804,0.00978164,0.00948799,0.00679271,0.00596024,0.00502534,0.00493877,0.00321975,0.00311602,0.00276114,0.00241496,0.00252128,0.00132209,0.00118938,0.00125521,0.00107806,0.000836316,0.000920915,0.000859139,0.000466822,0.000223297,0.000127469,8.31949e-05,6.42318e-05,5.54495e-05,1.82841e-05,8.91709e-06,3.971e-05,3.51912e-06,1.04592e-05,3.51463e-06,7.37423e-08,0,0,0,0,0}:
{0,97,0,0,0,0,0,0,0,0,0,0,0,0,0,0,0,0,0,0,0,0,0,0,0,0,0,0,0,0,0,0,6.27445e-06,4.02365e-06,2.27482e-05,7.31402e-05,0.000210073,0.000531739,0.00098899,0.00229752,0.0042646,0.00764572,0.0129688,0.0198459,0.0310014,0.0403484,0.0511595,0.0592645,0.0663967,0.0709461,0.0704635,0.0700572,0.0647924,0.0621792,0.059102,0.0494296,0.0412391,0.0372267,0.0328499,0.0279531,0.0227615,0.0207574,0.0165511,0.0142819,0.0127924,0.0100339,0.00900874,0.00679211,0.0060456,0.00520929,0.004449,0.00342672,0.00306505,0.00276228,0.00282588,0.00256906,0.00171726,0.0012744,0.00138446,0.00136545,0.000623451,0.000857452,0.000526293,0.000226579,0.000103565,9.18112e-05,6.12652e-05,6.29819e-05,2.08187e-05,3.47443e-05,3.9451e-05,1.28025e-05,8.56757e-06,2.37212e-06,0,0,0,0,0,0}:
{0,97,0,0,0,0,0,0,0,0,0,0,0,0,0,0,0,0,0,0,0,0,0,0,0,0,0,0,0,0,0,0,0,0,2.27482e-05,2.6802e-05,0.000115614,0.000167385,0.000427701,0.00113176,0.00247109,0.00443517,0.00757417,0.0133403,0.0210277,0.0292965,0.039426,0.0495022,0.0593047,0.067134,0.0704803,0.0708419,0.0695943,0.0664062,0.0603463,0.0533022,0.0509252,0.0432687,0.0375164,0.0327752,0.0283631,0.0235958,0.0219998,0.0168571,0.0146012,0.0115519,0.0108737,0.00858268,0.00754924,0.00639008,0.00535495,0.00432604,0.00370552,0.00309305,0.00290809,0.00225523,0.00178295,0.00159488,0.00137051,0.00134216,0.00120878,0.000846423,0.000529512,0.000212162,0.000140258,6.27829e-05,6.37173e-05,2.9257e-05,3.22952e-05,4.86607e-05,2.69827e-05,9.37426e-06,6.72431e-06,3.48943e-06,0,2.52151e-06,0,0,0,0}:
{0,97,0,0,0,0,0,0,0,0,0,0,0,0,0,0,0,0,0,0,0,0,0,0,0,0,0,0,0,0,0,0,0,0,2.05903e-06,3.4111e-05,4.91804e-05,0.000176336,0.000281574,0.000531112,0.00144101,0.0026706,0.00441447,0.00816826,0.012953,0.0209603,0.0289661,0.039477,0.0500341,0.0593856,0.065782,0.06983,0.0692762,0.0685423,0.064193,0.0601436,0.0560376,0.049418,0.0442463,0.0392538,0.0344036,0.0286691,0.0250611,0.0207706,0.0164863,0.0140149,0.0130907,0.0110846,0.00913816,0.00709175,0.00660386,0.00521374,0.0051216,0.00405107,0.00352635,0.00268994,0.0025382,0.00169422,0.00173252,0.00128942,0.00133955,0.00132865,0.000664073,0.000350064,0.00016144,0.000108854,7.31579e-05,6.08271e-05,2.48162e-05,4.83313e-05,4.7613e-05,9.52635e-06,7.49314e-06,2.4225e-06,1.38264e-06,0,0,0,0,0}:
{0,97,0,0,0,0,0,0,0,0,0,0,0,0,0,0,0,0,0,0,0,0,0,0,0,0,0,0,0,0,0,0,0,0,0,0,4.94899e-06,4.64407e-05,0.000125722,0.000283574,0.000575138,0.00127843,0.00237753,0.00482362,0.00814689,0.0138565,0.0215708,0.0296941,0.0399436,0.0495683,0.0584634,0.0626015,0.0688647,0.0684261,0.0687922,0.0663429,0.0592336,0.0551231,0.0489656,0.042396,0.0389987,0.0328278,0.0269023,0.0238218,0.0224224,0.0175929,0.0144235,0.0132058,0.0102904,0.00942971,0.00791725,0.00689516,0.00488612,0.00469859,0.00451708,0.00355485,0.00241396,0.00282593,0.00199256,0.00242094,0.00144848,0.00156266,0.000807216,0.000297559,0.000168132,0.000105204,8.61595e-05,5.48832e-05,3.93002e-05,2.79728e-05,1.28478e-05,7.37402e-06,1.25728e-05,6.73657e-08,0,0,0,0,0,0}:
{0,97,0,0,0,0,0,0,0,0,0,0,0,0,0,0,0,0,0,0,0,0,0,0,0,0,0,0,0,0,0,0,0,0,0,7.37924e-06,1.31502e-05,2.00374e-05,3.82557e-05,9.41842e-05,0.00027254,0.000773684,0.00156875,0.00278184,0.00512302,0.00854963,0.014033,0.020923,0.0299178,0.0394911,0.0495907,0.0572253,0.0658094,0.0670259,0.0704989,0.0678526,0.065653,0.0614212,0.0558547,0.0492483,0.043346,0.0362984,0.0318523,0.0295489,0.0244336,0.0204799,0.0184505,0.0147831,0.012879,0.0103277,0.0100297,0.00780884,0.00661877,0.00565739,0.00487162,0.00402479,0.00341014,0.00278143,0.00290541,0.00192123,0.00151921,0.00167274,0.000883772,0.000369608,0.000212275,0.000106726,0.000115472,7.43421e-05,3.85803e-05,5.53301e-05,1.82287e-05,1.932e-05,1.04958e-05,4.21719e-08,1.17796e-07,0,0,0,0,0}:
{0,97,0,0,0,0,0,0,0,0,0,0,0,0,0,0,0,0,0,0,0,0,0,0,0,0,0,0,0,0,0,0,0,0,0,0,0,1.38242e-07,4.37487e-05,3.40247e-05,0.000159134,0.000410607,0.0007168,0.00178789,0.00314115,0.00501305,0.00844747,0.0142701,0.021217,0.0306232,0.038096,0.0490185,0.0556645,0.0635073,0.0660503,0.0686191,0.0682495,0.0639377,0.0574513,0.0542686,0.0488649,0.0440615,0.0387267,0.0330977,0.0283923,0.0260179,0.0212136,0.0173253,0.0159625,0.0134416,0.01116,0.00896787,0.00758608,0.00618572,0.00522312,0.00494248,0.0040742,0.00353332,0.00287233,0.0025168,0.00249097,0.00197495,0.00101462,0.000444835,0.000234503,0.000155374,8.49652e-05,3.57318e-05,4.3549e-05,4.01644e-05,3.92565e-05,1.20125e-05,1.32209e-05,3.48943e-06,4.4054e-08,0,0,0,0,0}:
{0,97,0,0,0,0,0,0,0,0,0,0,0,0,0,0,0,0,0,0,0,0,0,0,0,0,0,0,0,0,0,0,0,0,0,0,0,8.68141e-06,2.20249e-05,5.44967e-05,7.71737e-05,0.000211682,0.000380382,0.000881254,0.00151173,0.00343594,0.00546717,0.00959473,0.014589,0.0210463,0.0302618,0.0389164,0.0489863,0.0565038,0.0632772,0.0647585,0.0691615,0.0665386,0.0625295,0.0592374,0.0549581,0.0483442,0.042787,0.0396781,0.0329816,0.0285171,0.025217,0.021814,0.0180646,0.0148248,0.0127041,0.0113494,0.00888044,0.00777246,0.00655024,0.00658258,0.00524787,0.00413621,0.00417151,0.00293335,0.00236068,0.00192808,0.00126828,0.000518933,0.000258228,0.000139244,8.64538e-05,4.43349e-05,4.60593e-05,2.27747e-05,1.32205e-05,3.24143e-05,8.84202e-06,8.15899e-07,1.38264e-06,0,0,0,0,0}:
{0,97,0,0,0,0,0,0,0,0,0,0,0,0,0,0,0,0,0,0,0,0,0,0,0,0,0,0,0,0,0,0,0,0,0,0,0,8.68141e-06,0,3.08711e-05,6.27323e-05,8.06525e-05,0.000173253,0.000329453,0.000871252,0.00163483,0.00304242,0.00545854,0.00899719,0.0143351,0.0221124,0.031002,0.0397946,0.0480924,0.053332,0.0630067,0.0666421,0.0671141,0.0648919,0.0624566,0.0594225,0.0565434,0.0485179,0.0438955,0.0379759,0.0337686,0.0286063,0.0232494,0.0222703,0.0187952,0.0159581,0.0134009,0.0114595,0.00914542,0.00779388,0.00663708,0.00571009,0.00562702,0.0046785,0.00362324,0.00317878,0.00303907,0.00143647,0.000522778,0.000242752,0.000133412,0.000135563,8.12703e-05,2.87927e-05,3.71558e-05,5.09302e-05,4.83969e-05,6.03415e-06,4.25494e-06,0,0,0,0,0,0}:
{0,97,0,0,0,0,0,0,0,0,0,0,0,0,0,0,0,0,0,0,0,0,0,0,0,0,0,0,0,0,0,0,0,0,0,0,0,0,2.82177e-06,1.62998e-07,1.06319e-07,2.80495e-05,0.000113614,0.000180033,0.000586464,0.000833074,0.00155835,0.00352888,0.00596419,0.00945602,0.0146701,0.0222879,0.0289129,0.0389665,0.0478317,0.0547874,0.0616379,0.0672551,0.0670684,0.0681675,0.0626371,0.0586796,0.0546766,0.0512764,0.0445807,0.0376059,0.0325554,0.0290377,0.0258191,0.0217922,0.0176948,0.0160444,0.013973,0.0125512,0.0088954,0.00772951,0.00731326,0.00657018,0.00477533,0.00378183,0.00338474,0.0032701,0.00168099,0.000675147,0.000312772,0.00018359,8.09503e-05,5.55134e-05,4.37496e-05,2.08629e-05,2.66709e-05,4.8549e-05,1.29508e-05,9.92802e-07,0,0,0,0,0,0}:
{0,97,0,0,0,0,0,0,0,0,0,0,0,0,0,0,0,0,0,0,0,0,0,0,0,0,0,0,0,0,0,0,0,0,0,0,0,0,0,0,1.16384e-05,2.80119e-05,6.00614e-05,0.000131907,0.00029685,0.00055541,0.000798455,0.00200245,0.00361203,0.00630775,0.0103441,0.015105,0.021592,0.0296667,0.037933,0.0484404,0.0544281,0.0605324,0.0648321,0.0646656,0.0658204,0.0642814,0.0580242,0.0528059,0.0479778,0.0438953,0.0394629,0.0334242,0.0289637,0.0249464,0.021658,0.0191327,0.0156165,0.0137013,0.0113441,0.00978031,0.00907748,0.00756698,0.00655857,0.0053587,0.00459484,0.00405035,0.00228758,0.0007259,0.000280124,0.000184904,0.000177237,9.31514e-05,7.15609e-05,1.99365e-05,2.69809e-05,1.40416e-05,1.46344e-05,1.62358e-06,1.38264e-06,0,0,0,0,0}:
{0,97,0,0,0,0,0,0,0,0,0,0,0,0,0,0,0,0,0,0,0,0,0,0,0,0,0,0,0,0,0,0,0,0,0,0,0,0,0,0,0,3.80623e-06,1.18851e-05,5.9624e-05,0.000113875,0.000255186,0.000437669,0.00124705,0.00210015,0.0038118,0.00613171,0.00944689,0.0157561,0.0217495,0.0291237,0.0379929,0.0463749,0.0545196,0.0593577,0.0633956,0.0638854,0.0665962,0.0619731,0.0585622,0.0529099,0.0500854,0.0436681,0.0393512,0.0349619,0.0288185,0.025952,0.0219867,0.0203703,0.0151087,0.0142263,0.0116517,0.00982133,0.00784622,0.00856122,0.00695907,0.00507785,0.00538871,0.00243837,0.000847469,0.000336397,0.000181808,9.1864e-05,0.000103114,6.70209e-05,4.85835e-05,3.4772e-05,3.22062e-05,1.82283e-05,3.48122e-06,0,0,0,0,0,0}:
{0,97,0,0,0,0,0,0,0,0,0,0,0,0,0,0,0,0,0,0,0,0,0,0,0,0,0,0,0,0,0,0,0,0,0,0,0,0,0,0,3.33682e-06,0,2.069e-07,3.19147e-05,4.31667e-05,0.000145913,0.00017798,0.000716381,0.00122145,0.0022821,0.00358369,0.00613721,0.0102275,0.0156271,0.0209523,0.0299385,0.0381369,0.0466707,0.0559373,0.0596863,0.0629363,0.0639392,0.0626945,0.0611044,0.0576194,0.053862,0.0485986,0.044244,0.0391028,0.0341761,0.0292826,0.0252511,0.0219575,0.0187712,0.0162592,0.0139169,0.0117032,0.0106782,0.00876397,0.00676221,0.00717886,0.00488528,0.00270554,0.000986695,0.000441468,0.000308533,0.000123602,9.21166e-05,0.000104192,4.14802e-05,3.04813e-05,5.64359e-05,1.7984e-05,3.59897e-06,0,1.34484e-07,0,0,0,0}:
{0,97,0,0,0,0,0,0,0,0,0,0,0,0,0,0,0,0,0,0,0,0,0,0,0,0,0,0,0,0,0,0,0,0,0,0,0,0,0,0,0,0,0,8.2339e-06,4.43321e-05,5.78669e-05,0.000234374,0.000349591,0.000598066,0.00132593,0.00220793,0.00400311,0.00639667,0.0101714,0.0153082,0.0224172,0.0307599,0.0378013,0.0469819,0.0535118,0.0598204,0.065251,0.0655221,0.0639413,0.0590977,0.0572491,0.0533753,0.049842,0.0439951,0.039663,0.0346457,0.0311709,0.0257141,0.0219682,0.0189577,0.0166091,0.013834,0.0121636,0.0101352,0.00769717,0.00691254,0.0056577,0.00329234,0.00104805,0.000417943,0.000238594,0.000157973,7.76268e-05,7.52187e-05,3.02382e-05,2.09818e-05,2.66644e-05,1.59394e-05,9.17221e-07,4.4054e-08,0,0,0,0,0}:
{0,97,0,0,0,0,0,0,0,0,0,0,0,0,0,0,0,0,0,0,0,0,0,0,0,0,0,0,0,0,0,0,0,0,0,0,0,0,0,0,0,0,0,2.19576e-07,2.35314e-07,6.15274e-05,8.92399e-05,0.000153619,0.000330433,0.00063841,0.00109749,0.00212239,0.00375337,0.00649249,0.0107497,0.0164567,0.0218329,0.0304822,0.0376016,0.0461451,0.0520855,0.0586164,0.0632712,0.0621087,0.0628789,0.0615294,0.0566549,0.0537176,0.0478173,0.0438183,0.037,0.0347641,0.0288681,0.0268643,0.0229071,0.0180748,0.0156389,0.0129685,0.0122845,0.00990084,0.00894874,0.0072264,0.0042893,0.00138463,0.000482186,0.000246502,0.00013761,0.000103117,9.79648e-05,0.000116156,1.80622e-05,4.96439e-05,1.13202e-05,1.8087e-06,1.38264e-06,0,0,0,0,0}:
{0,97,0,0,0,0,0,0,0,0,0,0,0,0,0,0,0,0,0,0,0,0,0,0,0,0,0,0,0,0,0,0,0,0,0,0,0,0,0,0,0,0,0,4.11695e-06,1.91894e-05,2.09109e-05,5.80808e-06,8.82576e-05,0.000221525,0.000264445,0.000853876,0.00142052,0.00257932,0.00408356,0.00688915,0.0104253,0.0164254,0.023088,0.0295038,0.0385165,0.0461543,0.0511399,0.0594176,0.0636129,0.064258,0.0620943,0.0616826,0.0582269,0.0552336,0.0491278,0.0437699,0.0387827,0.0350104,0.0298448,0.0247103,0.0224642,0.019562,0.0168667,0.0146888,0.0117758,0.0106903,0.00849593,0.00472762,0.00157875,0.000518598,0.000358782,0.000191943,0.000127541,7.9866e-05,0.000105653,1.77174e-05,5.63424e-05,1.9232e-05,8.83265e-07,0,0,0,0,0,0}:
{0,97,0,0,0,0,0,0,0,0,0,0,0,0,0,0,0,0,0,0,0,0,0,0,0,0,0,0,0,0,0,0,0,0,0,0,0,0,0,0,0,0,0,2.19576e-07,0,1.57937e-05,2.22566e-05,8.18231e-05,8.13228e-05,0.000105632,0.000364457,0.000861786,0.00167727,0.00254321,0.00427551,0.00678947,0.0113133,0.0159564,0.0222213,0.0303103,0.0386792,0.0442625,0.0539952,0.0556322,0.0623677,0.064053,0.060458,0.0603951,0.0573606,0.0531955,0.0480849,0.0434615,0.0370288,0.0349373,0.0300986,0.0250526,0.0226141,0.0191228,0.0164727,0.0136454,0.0119005,0.0104192,0.00589369,0.00176834,0.000559298,0.000287527,0.000199008,0.00010542,6.75693e-05,7.00507e-05,5.16017e-05,2.79042e-05,2.03645e-05,1.84266e-06,0,0,0,0,0,0}:
{0,97,0,0,0,0,0,0,0,0,0,0,0,0,0,0,0,0,0,0,0,0,0,0,0,0,0,0,0,0,0,0,0,0,0,0,0,0,0,0,0,0,0,0,0,1.57937e-05,1.01105e-05,6.44579e-05,1.70688e-05,0.000152861,0.000250522,0.000205435,0.000909839,0.0016183,0.00262932,0.00451232,0.00735888,0.0113689,0.0164151,0.0235985,0.0295624,0.0383286,0.0440697,0.0517541,0.0575946,0.0620589,0.0613772,0.0614011,0.0572682,0.0552073,0.0507401,0.0473018,0.0446786,0.0397673,0.0341449,0.0304401,0.0262384,0.0227103,0.019891,0.016898,0.0150428,0.011723,0.00636832,0.00210624,0.000739102,0.000381849,0.000168764,0.00014663,8.88016e-05,8.05733e-05,4.40888e-05,3.45395e-05,1.38147e-05,3.5316e-06,4.63091e-06,0,0,0,0,0}:
{0,97,0,0,0,0,0,0,0,0,0,0,0,0,0,0,0,0,0,0,0,0,0,0,0,0,0,0,0,0,0,0,0,0,0,0,0,0,0,0,0,0,0,0,0,1.57937e-05,0,5.30313e-06,2.50495e-05,0.000134321,0.000115739,0.000194521,0.000406803,0.000747893,0.00139073,0.00276381,0.00500762,0.00705637,0.0121172,0.0161543,0.0230763,0.0297349,0.0382474,0.0459801,0.0521549,0.055272,0.0598434,0.0613576,0.0610984,0.0614322,0.0572614,0.0525491,0.0498623,0.0445023,0.0379198,0.0346012,0.0292437,0.0265905,0.0218572,0.0207931,0.0167105,0.0146555,0.00780877,0.00235597,0.000878301,0.000445403,0.000202922,0.000160441,8.68689e-05,6.14826e-05,4.063e-05,5.16533e-05,3.06543e-05,3.34794e-06,0,0,0,0,0,0}:
{0,97,0,0,0,0,0,0,0,0,0,0,0,0,0,0,0,0,0,0,0,0,0,0,0,0,0,0,0,0,0,0,0,0,0,0,0,0,0,0,0,0,0,0,0,0,0,0,2.50495e-05,2.01953e-05,4.9479e-05,8.16777e-05,0.000384501,0.000511986,0.000986041,0.0016446,0.00293505,0.00475204,0.00769041,0.0107235,0.0164568,0.0232611,0.0307905,0.037194,0.0434381,0.051819,0.0577283,0.0591849,0.061787,0.0612487,0.0598628,0.0536556,0.0510747,0.0476279,0.0443079,0.0380383,0.0344616,0.0300174,0.0268419,0.0228444,0.0194002,0.0182208,0.00906942,0.00273759,0.00106289,0.000447299,0.000225144,0.000166143,0.00015233,9.02163e-05,5.96594e-05,5.30102e-05,1.53961e-05,4.45704e-06,0,0,0,0,0,0}:
{0,97,0,0,0,0,0,0,0,0,0,0,0,0,0,0,0,0,0,0,0,0,0,0,0,0,0,0,0,0,0,0,0,0,0,0,0,0,0,0,0,0,0,0,0,4.71546e-06,0,0,0,6.35122e-06,5.31948e-05,0.000116684,0.0001847,0.000283935,0.000808884,0.000947067,0.00164833,0.0029793,0.00476147,0.00814382,0.0118713,0.0164592,0.0224023,0.0308543,0.0365071,0.0457684,0.0522471,0.0598261,0.0597341,0.0605287,0.061589,0.0600278,0.0560324,0.0512103,0.0488235,0.0438757,0.039497,0.0334077,0.0307412,0.0266905,0.0234222,0.0195754,0.0108974,0.0032165,0.00107534,0.000382867,0.000245542,0.000190172,0.000147921,9.30408e-05,7.07026e-05,8.49781e-05,2.33551e-05,2.566e-06,1.45638e-06,0,0,0,0,0}:
{0,97,0,0,0,0,0,0,0,0,0,0,0,0,0,0,0,0,0,0,0,0,0,0,0,0,0,0,0,0,0,0,0,0,0,0,0,0,0,0,0,0,0,0,0,0,0,1.79309e-05,1.90564e-05,6.35122e-06,2.80737e-05,6.47387e-05,0.000217802,0.000388942,0.000728156,0.00163424,0.0026436,0.00438048,0.00807255,0.012443,0.020568,0.0324954,0.0516706,0.073644,0.105789,0.135306,0.178087,0.219222,0.269226,0.31393,0.356762,0.391541,0.418539,0.435363,0.443414,0.441431,0.426482,0.409697,0.380525,0.356406,0.325855,0.297657,0.178329,0.0571015,0.0181773,0.00687688,0.00319095,0.00175731,0.00131736,0.000949078,0.000623252,0.000547129,0.000229002,4.53966e-05,1.27818e-05,1.00861e-05,0,0,0,0}:
{0,97,0,0,0,0,0,0,0,0,0,0,0,0,0,0,0,0,0,0,0,0,0,0,0,0,0,0,0,0,0,0,0,0,0,0,0,0,0,0,0,0,0,0,0,0,0,0,0,0,0,0,0,0,0,0,1.64652e-05,9.57133e-06,3.97828e-05,0.000169487,0.000164741,0.00096831,0.00119488,0.00160339,0.00321774,0.00674195,0.0108872,0.0173517,0.0257196,0.0398121,0.0566433,0.079813,0.108193,0.140547,0.179093,0.220384,0.265458,0.303528,0.344575,0.371965,0.398561,0.414999,0.372485,0.182913,0.0614933,0.0209008,0.00741449,0.00368034,0.00198805,0.00127897,0.000995188,0.000707453,0.000287158,5.59313e-05,1.20737e-05,2.79048e-06,0,0,1.10624e-06,0}:
{0,97,0,0,0,0,0,0,0,0,0,0,0,0,0,0,0,0,0,0,0,0,0,0,0,0,0,0,0,0,0,0,0,0,0,0,0,0,0,0,0,0,0,0,0,0,0,0,0,0,0,0,0,0,0,0,0,0,0,0,0,0,3.05181e-07,3.32088e-05,6.39858e-05,9.19595e-05,0.000332148,0.000259698,0.000435241,0.00124298,0.00228194,0.00394733,0.00579927,0.00915411,0.01345,0.0219411,0.0331753,0.0488702,0.0649439,0.0940341,0.121696,0.154623,0.371917,0.656578,0.538481,0.255114,0.0924147,0.0327183,0.0136027,0.00683236,0.00390447,0.00290309,0.00112038,0.00013983,3.65432e-05,1.64396e-05,5.44646e-06,0,0,0}:
{0,97,0,0,0,0,0,0,0,0,0,0,0,0,0,0,0,0,0,0,0,0,0,0,0,0,0,0,0,0,0,0,0,0,0,0,0,0,0,0,0,0,0,0,0,0,0,0,0,0,0,0,0,0,0,0,0,0,0,0,0,0,0,0,0,0,0,0,0,0,0,0,0,0,0,0,4.81067e-05,1.6675e-06,1.37356e-05,0.000169262,0.000125305,0.000396186,0.00490213,0.0784442,0.363782,0.621951,0.527408,0.266319,0.101687,0.0385016,0.0164914,0.0084545,0.00221009,0.000302115,7.20776e-05,2.74869e-05,1.63394e-05,0,0,0}:
{0,97,0,0,0,0,0,0,0,0,0,0,0,0,0,0,0,0,0,0,0,0,0,0,0,0,0,0,0,0,0,0,0,0,0,0,0,0,0,0,0,0,0,0,0,0,0,0,0,0,0,0,0,0,0,0,0,0,0,0,0,0,0,0,0,0,0,0,0,0,0,0,0,0,0,0,0,0,0,0,0,0,9.6148e-08,0.000231134,0.00790409,0.08899,0.35485,0.595137,0.514063,0.273116,0.110044,0.0440509,0.00578842,0.000411252,0.00011455,1.84558e-05,5.96707e-06,1.36697e-05,0,0}:
{0,97,0,0,0,0,0,0,0,0,0,0,0,0,0,0,0,0,0,0,0,0,0,0,0,0,0,0,0,0,0,0,0,0,0,0,0,0,0,0,0,0,0,0,0,0,0,0,0,0,0,0,0,0,0,0,0,0,0,0,0,0,0,0,0,0,0,0,0,0,0,0,0,0,0,0,0,0,0,0,0,0,0,0,1.72603e-05,0.000552227,0.011182,0.0969388,0.350047,0.569224,0.501946,0.279743,0.0278874,0.000742464,0.00013849,6.56455e-05,1.13569e-05,0,0,0}:
{0,97,0,0,0,0,0,0,0,0,0,0,0,0,0,0,0,0,0,0,0,0,0,0,0,0,0,0,0,0,0,0,0,0,0,0,0,0,0,0,0,0,0,0,0,0,0,0,0,0,0,0,0,0,0,0,0,0,0,0,0,0,0,0,0,0,0,0,0,0,0,0,0,0,0,0,0,0,0,0,0,0,0,0,0,0,3.6391e-05,0.000995251,0.0154721,0.107052,0.346307,0.546543,0.127272,0.00115553,0.000236127,0.000107613,2.93085e-05,1.36697e-05,3.47193e-05,0};
>
