energy(#app_anue)<
@energy =
{0,97,0.984411,0.392324,0.0713851,0.027123,0.0190236,0.00933311,0.00406562,0.00215016,0.00194196,0.00141134,0.000919794,0.000697725,0.000420848,0.00024125,9.30456e-05,0.000101596,8.12408e-05,1.4905e-05,8.51921e-05,1.0979e-05,2.10826e-05,4.04378e-05,0,1.70129e-05,1.67217e-06,5.44796e-06,5.45076e-06,1.6627e-05,1.14003e-05,0,0,1.27305e-05,0,7.48892e-08,0,0,1.84938e-05,0,0,0,0,0,0,0,0,0,0,0,0,0,0,0,0,0,0,0,0,0,0,0,0,0,0,0,0,0,0,0,0,0,0,0,0,0,0,0,0,0,0,0,0,0,0,0,0,0,0,0,0,0,0,0,0,0,0,0,0,0}:
{0,97,0.0155889,0.558323,0.456517,0.166812,0.0786538,0.0432883,0.0250283,0.0142275,0.00952971,0.00547248,0.00385567,0.00286445,0.00184227,0.00113798,0.000695937,0.000395713,0.000377131,0.000316314,0.000240838,0.000151373,0.00014409,0.000126319,5.22903e-05,5.26677e-05,5.84537e-05,3.26877e-05,2.74276e-05,1.6627e-05,2.46284e-05,1.16276e-05,6.22576e-06,1.27305e-05,1.54521e-05,7.14167e-06,0,8.59705e-06,0,0,0,3.57501e-06,0,0,0,0,0,0,0,0,0,0,0,0,0,0,0,0,0,0,0,0,0,0,0,0,0,0,0,0,0,0,0,0,0,0,0,0,0,0,0,0,0,0,0,0,0,0,0,0,0,0,0,0,0,0,0,0,0,0}:
{0,97,0,0.0493527,0.395405,0.404475,0.20329,0.111602,0.0676726,0.0381306,0.0219314,0.0149889,0.00911167,0.00738712,0.00453154,0.00271414,0.0020038,0.00133824,0.000914109,0.000599955,0.000399326,0.000278802,0.000248932,0.00017346,0.00013087,5.67081e-05,0.000100242,5.42427e-05,2.13922e-05,2.78001e-05,1.88374e-05,9.26937e-08,3.03909e-05,2.74673e-05,8.7079e-06,9.31784e-06,7.83931e-06,1.70157e-05,0,1.00265e-05,0,0,1.28253e-05,0,0,0,0,0,0,0,0,0,0,0,0,0,0,0,0,0,0,0,0,0,0,0,0,0,0,0,0,0,0,0,0,0,0,0,0,0,0,0,0,0,0,0,0,0,0,0,0,0,0,0,0,0,0,0,0,0}:
{0,97,0,0,0.074445,0.319997,0.347916,0.215759,0.129447,0.0843588,0.0498216,0.0312034,0.0207372,0.0138679,0.00898919,0.00680862,0.00445083,0.00277489,0.00190864,0.00138712,0.00101658,0.000708671,0.000419109,0.000285317,0.000251016,0.000178603,0.000149422,8.21476e-05,9.78766e-05,5.90661e-05,1.90192e-05,4.10673e-05,1.61175e-05,2.50159e-05,2.88369e-05,2.14999e-05,1.0353e-05,1.70157e-05,1.4743e-07,1.5986e-07,1.43005e-05,0,0,2.16849e-07,1.48089e-05,0,0,0,0,0,0,0,0,0,0,0,0,0,0,0,0,0,0,0,0,0,0,0,0,0,0,0,0,0,0,0,0,0,0,0,0,0,0,0,0,0,0,0,0,0,0,0,0,0,0,0,0,0,0,0}:
{0,97,0,0,0.00224761,0.07621,0.263523,0.301755,0.219232,0.14167,0.0927225,0.0593091,0.0390807,0.0263113,0.0175319,0.0115578,0.00818259,0.00542722,0.00378858,0.00268549,0.00173397,0.00110728,0.000889309,0.000729474,0.000432486,0.000322575,0.0002204,0.000183183,0.000165294,0.000123437,0.000120734,6.14282e-05,5.8149e-05,1.91972e-05,4.22917e-05,1.45111e-05,7.9643e-06,1.96973e-05,2.77407e-05,2.05325e-05,4.40172e-05,0,0,4.28699e-06,0,1.67754e-07,2.72365e-07,0,0,0,3.41398e-07,2.2227e-05,7.02783e-06,0,0,0,0,0,4.63651e-07,0,0,0,0,0,0,1.05682e-05,0,0,0,0,0,0,0,0,0,0,0,0,0,0,0,0,8.27733e-08,5.89115e-08,0,0,1.127e-07,0,0,0,0,0,0,0,0,0,0,0,0,0}:
{0,97,0,0,0,0.00459452,0.0795665,0.227768,0.272074,0.216125,0.149377,0.103697,0.0685148,0.0457337,0.0305012,0.0210765,0.0142445,0.00971793,0.00682035,0.00464092,0.00320144,0.002304,0.00163656,0.00106073,0.000746008,0.000629973,0.000464636,0.000333679,0.000280477,0.000246582,0.000156275,0.000119934,4.85169e-05,8.60069e-05,4.46082e-05,3.53978e-05,5.21027e-05,2.52892e-05,3.91825e-07,2.03179e-05,3.33985e-06,1.23028e-07,2.08458e-05,0,0,1.62526e-05,0,0,5.7672e-06,0,0,0,2.30637e-05,0,0,0,0,0,0,0,0,3.32486e-07,0,1.02932e-05,0,0,0,0,0,0,0,0,0,0,4.01739e-07,0,0,0,0,0,0,0,5.19158e-06,0,9.70442e-08,0,7.41225e-08,0,0,0,0,0,0,0,0,0,0,0,0,0}:
{0,97,0,0,0,0.000787794,0.00776042,0.0766928,0.194373,0.24338,0.210853,0.15188,0.109134,0.0738776,0.0502286,0.0349876,0.0250426,0.0175274,0.0115933,0.00795086,0.00581691,0.00384508,0.00261968,0.00202583,0.00154064,0.000978554,0.000785703,0.000486003,0.000482811,0.000253837,0.000168859,0.000161842,0.000151045,0.000124881,5.1176e-05,9.05438e-05,6.53926e-05,4.82666e-05,4.0197e-05,3.0552e-06,3.33985e-06,2.36518e-05,3.88148e-05,1.81047e-05,9.02497e-06,4.81605e-05,0,2.8521e-07,0,2.62832e-05,2.14126e-05,6.77288e-06,2.30637e-05,7.48359e-06,4.10205e-07,0,2.68738e-05,0,0,0,0,9.66155e-06,0,0,0,0,0,0,3.68358e-07,0,0,0,0,0,0,0,0,0,0,0,0,0,5.444e-08,0,0,0,7.41225e-08,0,8.2463e-06,0,0,0,0,0,0,0,0,0,0,0}:
{0,97,0,0,0,0,0.000263611,0.0122924,0.0720905,0.169016,0.212332,0.19504,0.152792,0.111888,0.0812185,0.0547413,0.0385859,0.02688,0.0191038,0.0129627,0.00914498,0.00668724,0.00483986,0.00323635,0.00215969,0.00175129,0.00126729,0.000822308,0.000764992,0.000399852,0.000342022,0.000235585,0.000228692,0.000147138,0.0001056,0.000121825,9.43557e-05,8.80777e-05,2.84738e-05,3.62949e-05,4.31313e-05,3.53201e-05,5.171e-05,1.38177e-05,1.94767e-05,2.57469e-05,2.22882e-05,5.73608e-06,1.89266e-05,2.66043e-05,2.14126e-05,0,0,7.87516e-06,1.56795e-05,2.61868e-05,0,0,0,0,0,0,9.73285e-06,0,0,0,0,0,1.10723e-05,0,0,0,0,0,0,4.04128e-07,4.05496e-07,0,0,0,0,0,3.16389e-06,1.71188e-06,0,0,0,1.23367e-07,0,0,0,0,2.32159e-08,0,0,0,0,0,0,0}:
{0,97,0,0,0,0,3.10744e-06,0.00140503,0.0146385,0.0722764,0.158128,0.201766,0.190072,0.14994,0.113322,0.0835477,0.0589504,0.0412358,0.0294956,0.0211947,0.0147349,0.0101183,0.00738877,0.00514655,0.00364495,0.00253185,0.00181834,0.00142231,0.00107016,0.000811264,0.000566898,0.000386455,0.00034999,0.000307554,0.000216631,0.000201636,0.000189177,9.90292e-05,0.000129054,5.37679e-05,4.65907e-05,1.53074e-05,4.25883e-05,5.85478e-05,3.009e-05,4.79927e-05,1.7262e-05,1.78885e-05,5.96567e-06,6.13839e-06,0,0,2.33056e-05,0,4.10205e-07,4.17517e-07,8.56939e-07,0,1.77224e-05,0,9.37976e-06,0,0,9.95077e-06,0,3.46824e-05,0,0,0,1.12884e-05,0,0,0,0,0,0,0,1.1844e-05,6.22977e-07,0,0,0,0,1.77079e-06,3.70937e-06,0,0,0,0,0,0,0,1.45611e-06,0,0,0,0,0,0,0}:
{0,97,0,0,0,0,0,0,0.00123419,0.0163198,0.0701029,0.142067,0.18593,0.180275,0.150057,0.11841,0.0871775,0.0629066,0.0450092,0.0332046,0.0230391,0.0163762,0.0111778,0.00853206,0.00595764,0.00419245,0.00285314,0.00226487,0.00164717,0.00127129,0.000821045,0.000694758,0.000493376,0.000442303,0.000322479,0.000311001,0.000171442,0.000134248,0.000139826,5.69873e-05,0.000112529,6.24238e-05,9.02504e-05,7.22912e-05,1.97128e-05,4.77199e-05,1.73552e-05,1.68254e-05,3.06595e-05,0,4.28252e-05,6.77288e-06,0,0,0,4.17517e-07,0,3.66884e-05,0,0,4.90784e-07,5.05528e-07,1.02421e-05,0,0,0,9.27959e-07,5.64863e-05,0,0,0,0,0,0,0,6.14457e-07,0,0,0,0,0,0,1.66472e-06,3.42376e-06,6.15048e-06,0,7.41225e-08,0,0,0,0,0,0,0,0,0,0,0,0,0}:
{0,97,0,0,0,0,0,0.000103449,8.22121e-05,0.00202638,0.0196534,0.0667173,0.128156,0.171286,0.171484,0.145352,0.117232,0.0913324,0.0643142,0.0470674,0.034884,0.0243792,0.0174757,0.0123632,0.00936586,0.00647736,0.00508726,0.00313559,0.00244786,0.0018681,0.00146477,0.00120366,0.000817166,0.000633018,0.000422686,0.000308867,0.000299924,0.000179737,0.00016302,0.000126358,9.4944e-05,0.000141336,8.44145e-05,5.97746e-05,8.45607e-05,2.61698e-05,2.24673e-05,7.15446e-06,1.92284e-05,6.10767e-05,0,1.35458e-05,4.61274e-05,2.4951e-05,1.0902e-06,2.74601e-07,2.81804e-07,2.77804e-05,2.9849e-05,1.03828e-05,0,8.38014e-07,9.73285e-06,0,0,1.09319e-05,0,1.06946e-05,1.0704e-05,0,3.83042e-07,5.8642e-07,0,1.15589e-05,0,0,0,0,0,6.28538e-07,0,0,2.19987e-07,8.9572e-08,0,0,0,0,0,0,0,0,2.32159e-08,0,0,0,0,0,0,0}:
{0,97,0,0,0,0,0,0,6.22509e-05,0.000318717,0.00321197,0.0216537,0.0633071,0.123249,0.159834,0.164422,0.144043,0.117782,0.0913921,0.0680632,0.0491243,0.035815,0.0263608,0.0189107,0.0140462,0.0101061,0.00687337,0.00516321,0.00372756,0.0028118,0.00204002,0.00150269,0.00108263,0.000943999,0.000715837,0.0004563,0.000382694,0.000231591,0.000304179,0.000162872,0.000178051,0.000120511,0.000157797,7.577e-05,6.4767e-05,5.40486e-05,3.84491e-05,5.97767e-05,2.48923e-05,6.68939e-05,5.6216e-05,8.5448e-06,1.45394e-05,3.91569e-07,9.49789e-07,1.5959e-05,2.73022e-05,0,0,0,1.03613e-05,1.03265e-05,3.3494e-07,5.20661e-07,0,1.11212e-05,1.06985e-05,0,0,3.75549e-07,0,0,0,0,0,0,0,0,1.25292e-05,0,0,0,1.69083e-06,8.9572e-08,0,0,0,0,1.31477e-07,0,0,0,1.52691e-08,0,0,0,0,0,0,0}:
{0,97,0,0,0,0,0,0,0,6.664e-07,0.000301557,0.00401044,0.0216971,0.0624282,0.116431,0.150396,0.156175,0.140587,0.118488,0.0912098,0.0700656,0.0520974,0.038185,0.0273061,0.0203147,0.0150801,0.0107401,0.00766899,0.00571606,0.00401061,0.003098,0.00216981,0.00171134,0.00138889,0.00101083,0.000795675,0.000567269,0.000557201,0.000341062,0.000303754,0.000186012,0.000194914,4.96422e-05,0.000119249,7.45812e-05,7.4232e-05,7.31595e-05,3.53743e-05,6.42542e-05,5.27776e-05,4.17772e-05,3.61272e-05,3.67723e-07,4.07013e-05,5.99762e-05,4.31126e-05,4.2847e-07,2.58382e-05,8.8612e-06,3.90293e-05,6.15643e-05,5.05528e-07,0,4.26069e-05,0,3.63687e-07,5.59787e-07,0,5.60071e-07,0,3.76929e-05,0,1.12984e-05,3.83314e-05,0,0,0,1.22516e-05,0,0,0,4.21759e-07,1.63639e-06,3.42376e-06,1.91851e-06,6.40887e-06,0,0,0,0,0,0,3.8485e-08,3.31147e-08,0,0,0,0,0,0}:
{0,97,0,0,0,0,0,0,0,0,9.3216e-05,0.000678965,0.0055515,0.022774,0.0608215,0.110464,0.142608,0.150479,0.138132,0.114995,0.0922264,0.0718577,0.0529482,0.0396436,0.0291726,0.0215799,0.0156788,0.0112198,0.00782598,0.00603887,0.00451407,0.00341369,0.00242424,0.00192453,0.00149915,0.00123902,0.000759542,0.000655656,0.000561044,0.000465358,0.000311141,0.000298162,0.000340561,8.95193e-05,0.000104584,0.000138037,5.9808e-05,9.55537e-05,4.24956e-05,1.34516e-05,7.09065e-06,5.90629e-05,3.67723e-07,1.52247e-05,0,2.4356e-05,1.63776e-05,8.75639e-06,9.16615e-06,3.982e-05,3.07822e-05,1.01671e-05,5.09259e-07,3.42439e-07,0,1.12956e-05,1.12583e-05,1.10626e-05,0,0,5.82397e-07,1.15932e-05,3.88816e-07,0,0,0,0,6.19721e-07,1.25292e-05,0,1.04239e-06,1.06302e-06,1.69083e-06,2.07395e-07,0,6.51105e-06,0,7.73762e-06,8.64725e-08,1.48606e-07,0,0,0,0,0,0,0,0,0,0}:
{0,97,0,0,0,0,0,0,0,0,0,5.61278e-05,0.000958412,0.00564972,0.0239968,0.060041,0.104142,0.134517,0.145271,0.13541,0.11474,0.0942577,0.070799,0.0553506,0.0409646,0.0307304,0.0222369,0.0163327,0.0119865,0.00875354,0.00649778,0.00487585,0.0036713,0.002698,0.00198799,0.00148725,0.00104403,0.000909844,0.000771049,0.000644159,0.000550186,0.000370376,0.000341166,0.000114591,0.000123514,0.000178157,0.000127296,6.42621e-05,7.98194e-05,0.000154346,7.01728e-05,8.60332e-05,6.22636e-05,3.21497e-05,5.9566e-05,3.41663e-05,4.45368e-05,4.42925e-07,3.79416e-05,9.90587e-06,1.00253e-05,3.32486e-07,5.09259e-07,6.84878e-07,1.04644e-05,0,0,1.10626e-05,0,0,1.11306e-05,2.24151e-05,0,0,0,0,0,0,6.22977e-07,0,0,6.41264e-07,1.80193e-06,1.80145e-06,1.91851e-06,1.02182e-07,7.41225e-08,0,0,9.77379e-08,1.0123e-07,0,2.32159e-08,0,0,0,0,0,0,0}:
{0,97,0,0,0,0,0,0,0,0,0,4.83723e-05,0.000149986,0.00148649,0.00667191,0.0237735,0.05918,0.0997254,0.129746,0.140424,0.132344,0.113732,0.0933753,0.0725868,0.0553101,0.0417939,0.0313097,0.0236799,0.0173401,0.0129469,0.00940727,0.00703162,0.00510499,0.00418209,0.00320596,0.00215981,0.00172038,0.00129481,0.00108777,0.000665317,0.000669542,0.000487924,0.000336221,0.000322299,0.000240225,0.000124269,0.000120822,8.78867e-05,0.000116151,9.62787e-05,0.000157437,7.30749e-05,9.82798e-05,4.76593e-05,5.8037e-05,8.42917e-05,4.40968e-05,9.79386e-06,4.4611e-05,9.59219e-06,9.70254e-06,1.98286e-05,1.17914e-06,9.95077e-06,3.19409e-05,1.16741e-05,3.20956e-05,3.50971e-05,0,1.09129e-05,0,3.71662e-05,0,0,0,6.14457e-07,0,1.1844e-05,6.22977e-07,4.13389e-07,0,1.06302e-06,5.24602e-06,1.86036e-06,0,0,0,0,0,0,0,0,4.66913e-07,0,0,0,0,0,0,0}:
{0,97,0,0,0,0,0,0,0,0,0,0,2.5521e-05,0.000266764,0.00161604,0.00748291,0.0255993,0.0586303,0.0947241,0.124781,0.135474,0.129324,0.115301,0.0935144,0.0734553,0.0565318,0.0430286,0.0318354,0.0245563,0.0180978,0.0137757,0.010159,0.00759435,0.00554608,0.00437003,0.00315315,0.00267391,0.00176113,0.00145846,0.000998187,0.00088735,0.000588687,0.000607294,0.000449049,0.000360896,0.000250964,0.000106198,0.000123851,0.000198133,0.000164682,4.6688e-05,5.58337e-05,0.000120366,5.81581e-05,6.82262e-05,7.06836e-05,4.4672e-05,4.27683e-05,4.80351e-05,4.98891e-05,1.00253e-05,5.05528e-07,1.52778e-06,1.04714e-05,4.2578e-05,9.16656e-07,0,1.10626e-05,1.10723e-05,1.12884e-05,1.1713e-05,5.8642e-07,1.18896e-05,1.33733e-05,3.50219e-05,0,1.17831e-05,0,1.24595e-06,4.13389e-07,0,0,1.00202e-05,3.48267e-06,2.57914e-07,8.46393e-06,2.34071e-06,0,2.1795e-07,0,0,0,0,0,0,0,0,0,0,0}:
{0,97,0,0,0,0,0,0,0,0,0,0,5.96038e-06,1.64316e-05,0.000381098,0.00204592,0.00855869,0.0257977,0.0568345,0.0931293,0.119512,0.130575,0.127021,0.113385,0.0937026,0.0752134,0.059014,0.0449838,0.0346518,0.0256303,0.0189525,0.0143361,0.00997046,0.00802922,0.00572108,0.00438794,0.00347735,0.00244644,0.00217693,0.00161335,0.00109954,0.00102034,0.000789086,0.000571712,0.000413377,0.000416555,0.000309967,0.000187918,0.000269176,0.00019882,0.000134967,0.000172315,7.6793e-05,6.65589e-05,6.6287e-05,3.58252e-05,4.42435e-05,5.39099e-05,4.86449e-05,3.99832e-05,9.87054e-06,1.04996e-05,3.39643e-05,6.28508e-05,6.33342e-05,1.16741e-05,3.32152e-05,0,4.62002e-05,4.7673e-05,5.91725e-05,4.7988e-05,1.20761e-05,1.19567e-05,4.01739e-07,0,1.23307e-06,0,4.09732e-07,4.13389e-07,4.00683e-05,1.22557e-05,1.63639e-06,1.8297e-06,6.38259e-08,1.3441e-07,0,1.23367e-07,0,0,0,0,1.52691e-08,0,0,0,0,0,0,0}:
{0,97,0,0,0,0,0,0,0,0,0,0,0,0,8.83357e-05,0.000636224,0.00210948,0.00949453,0.0276576,0.0566797,0.0912966,0.116566,0.127613,0.124791,0.110431,0.0945411,0.075494,0.0579638,0.0454257,0.0352069,0.026741,0.0198825,0.0149066,0.0107634,0.00867288,0.00615516,0.00468567,0.00363739,0.0030086,0.00214028,0.0016309,0.00130025,0.0012264,0.000874177,0.000727578,0.000592593,0.000323557,0.000244428,0.000229681,0.000189447,0.000233527,0.000196556,9.9725e-05,8.1392e-05,9.47748e-05,4.91183e-05,3.30371e-05,3.71194e-05,1.39095e-06,3.982e-05,1.95731e-05,3.28774e-05,1.02421e-05,3.35192e-05,0,0,3.51101e-05,1.11916e-06,4.58318e-05,0,5.82397e-07,3.85397e-05,1.16872e-05,1.15589e-05,8.03479e-07,0,0,1.1844e-05,1.19062e-05,0,6.28815e-07,0,1.83757e-05,1.8297e-06,6.24752e-06,0,1.127e-07,2.35776e-06,0,9.77379e-08,0,0,0,3.31147e-08,0,0,0,0,0,0}:
{0,97,0,0,0,0,0,0,0,0,0,0,0,0,1.41394e-05,9.00192e-05,0.000646685,0.00265465,0.0098052,0.0278151,0.0560954,0.0884048,0.113637,0.123776,0.121841,0.108055,0.0938069,0.0758151,0.0602887,0.0464703,0.0353384,0.0276757,0.0207737,0.0155701,0.0112571,0.00911339,0.00635217,0.00470771,0.00360445,0.00307951,0.00205067,0.00170064,0.00131654,0.00110305,0.000914207,0.000822922,0.000499784,0.000483546,0.000462129,0.000405631,0.000355112,0.000298777,0.000212318,0.000268773,7.71055e-05,5.92145e-05,8.61912e-05,3.57717e-05,8.5513e-05,1.98117e-05,1.01933e-05,6.10241e-05,6.2158e-05,1.13345e-05,5.47539e-07,5.52968e-07,1.10667e-05,1.29565e-06,1.0704e-05,3.65647e-05,1.20961e-05,3.85688e-07,5.91176e-07,0,4.01739e-07,1.17434e-05,1.21886e-05,1.02731e-06,1.29389e-05,1.30544e-05,6.28815e-07,6.41264e-07,1.21023e-05,7.59618e-06,0,1.69386e-07,2.15389e-06,0,2.62954e-07,0,0,1.01156e-05,0,0,0,0,0,0,0,0}:
{0,97,0,0,0,0,0,0,0,0,0,0,0,0,1.81584e-05,6.14734e-05,0.000231137,0.000488944,0.00318086,0.0104832,0.0279323,0.0547343,0.0849142,0.109808,0.120412,0.119214,0.107373,0.0937201,0.0759479,0.0603906,0.0487726,0.0362562,0.0277778,0.021592,0.0156833,0.0117311,0.00911759,0.00703698,0.00548953,0.00425111,0.00334313,0.00260682,0.00204503,0.00150637,0.00104335,0.000924621,0.000717073,0.000500461,0.000443888,0.000383633,0.000301403,0.000259396,0.000311359,0.000192746,0.000109605,0.000155107,0.000196264,6.62167e-05,5.79698e-05,0.000110345,0.000121467,9.34096e-05,2.04842e-05,3.26561e-05,3.57971e-05,8.08497e-05,2.2325e-05,5.76055e-05,3.68358e-07,1.12884e-05,1.54784e-06,3.79533e-05,2.25969e-05,0,1.22848e-05,1.17434e-05,1.17831e-05,1.24637e-05,1.03271e-06,3.94222e-05,0,1.41795e-05,3.43832e-06,3.6029e-06,2.57914e-07,1.95287e-06,1.127e-07,7.81875e-06,0,9.46921e-06,0,0,4.66913e-07,0,0,0,0,0,0,0}:
{0,97,0,0,0,0,0,0,0,0,0,0,0,0,0,1.22168e-05,2.17717e-05,0.000147575,0.000946832,0.00358844,0.0113131,0.02836,0.0541211,0.0835532,0.106684,0.11782,0.118756,0.108449,0.0928588,0.0768098,0.0614732,0.0473436,0.0378427,0.0278989,0.0224531,0.0162106,0.012249,0.00975955,0.00770394,0.00563075,0.00431096,0.003118,0.00243221,0.00195045,0.00175712,0.00122953,0.000891404,0.000956972,0.000646784,0.000674666,0.000453076,0.000357893,0.000227919,0.000202847,0.00021662,0.000119842,0.000184036,6.57549e-05,0.000105249,0.000106509,1.06841e-05,3.11526e-05,7.32443e-05,3.31767e-05,2.27442e-05,2.40757e-05,5.59787e-07,1.06946e-05,3.36004e-05,3.75549e-07,1.11306e-05,4.7988e-05,9.79992e-07,6.04806e-07,1.1674e-05,7.7078e-05,6.16536e-07,2.43076e-05,1.24595e-06,4.13389e-07,1.20178e-05,0,3.46442e-06,1.15612e-05,4.18784e-07,4.07513e-06,9.40928e-06,2.48113e-06,2.62954e-07,2.84012e-06,0,1.06075e-07,0,0,8.93386e-08,0,0,0,0,0}:
{0,97,0,0,0,0,0,0,0,0,0,0,0,0,0,0,2.4695e-05,5.7609e-05,0.000267206,0.00105173,0.00395008,0.0121089,0.0289847,0.0534396,0.0822351,0.103665,0.114586,0.116181,0.105547,0.0925738,0.0762111,0.0625142,0.0498563,0.0377821,0.0296583,0.022289,0.0171547,0.0139784,0.0101869,0.00765337,0.00602762,0.00415743,0.00344255,0.00254891,0.00209817,0.0018548,0.00122127,0.00111282,0.000745538,0.000545859,0.0004188,0.000422762,0.000466078,0.000291814,0.000285965,0.000217691,0.000229448,0.000124276,7.9275e-05,6.5388e-05,0.000109767,4.99838e-05,3.15705e-05,2.30255e-05,3.24737e-05,1.10594e-06,1.6643e-06,2.13892e-05,3.51279e-05,2.23968e-05,1.30615e-05,1.21796e-05,5.01507e-05,7.3613e-05,2.45696e-05,1.82684e-06,2.35662e-05,6.19721e-07,1.23159e-05,2.44384e-05,4.13571e-07,0,3.71497e-06,3.74898e-06,1.24644e-05,1.24719e-05,6.68404e-06,8.11383e-08,0,0,2.9416e-06,3.08237e-06,4.97451e-07,5.03492e-08,0,0,0,0,0,0}:
{0,97,0,0,0,0,0,0,0,0,0,0,0,0,0,0,0,1.52678e-07,0.000120892,0.000226003,0.00105839,0.00430393,0.0125806,0.0287506,0.0539973,0.0802867,0.101971,0.112228,0.113152,0.10388,0.0912594,0.0772293,0.0630387,0.0498776,0.0390823,0.0302408,0.0228659,0.0183648,0.0129781,0.0102413,0.00810317,0.0064382,0.00455215,0.0036495,0.00267839,0.0020057,0.00180597,0.00125074,0.00115956,0.00107212,0.000768611,0.000529823,0.000706413,0.000425372,0.000338062,0.000288506,0.000238028,0.000256042,0.00019759,0.000116218,0.000220705,0.000188495,0.000103657,2.05864e-05,5.72735e-05,5.72884e-05,4.35304e-05,1.21818e-05,4.71286e-05,1.14839e-05,2.32267e-05,3.85688e-07,1.16872e-05,2.41204e-05,1.62339e-06,1.21238e-06,4.0519e-05,0,0,1.04193e-06,3.94395e-05,1.2897e-05,8.84988e-06,5.19455e-06,2.17643e-06,2.02008e-06,7.25539e-06,8.11383e-08,0,1.95476e-07,0,0,0,0,0,0,0,0,0,0}:
{0,97,0,0,0,0,0,0,0,0,0,0,0,0,0,0,0,0,1.69475e-05,7.92842e-05,0.000358699,0.00135243,0.00482544,0.0133392,0.0296606,0.0531436,0.0784817,0.0983885,0.111222,0.112544,0.103305,0.0905224,0.0762194,0.0632441,0.0505422,0.0404701,0.0318935,0.0241528,0.0185165,0.0139496,0.011172,0.0083509,0.00658574,0.00544527,0.00342206,0.00327197,0.00232639,0.00197991,0.00143132,0.00119327,0.000952256,0.000763609,0.000550408,0.000448053,0.000520153,0.000331194,0.000281035,0.000187082,0.000218089,0.000146655,0.00022201,0.000125733,0.000115239,7.24591e-05,0.00010244,6.80311e-05,6.81336e-05,1.19902e-05,5.38881e-05,2.42899e-05,4.97734e-05,8.27834e-05,2.59415e-05,1.00259e-06,3.99346e-05,1.22891e-06,2.41827e-05,1.4349e-06,1.25292e-05,2.44384e-05,8.27142e-07,0,1.91081e-06,2.05158e-05,9.9875e-06,8.53113e-06,2.34071e-06,0,0,3.94949e-07,0,1.01156e-05,0,0,0,0,0,0,0,0}:
{0,97,0,0,0,0,0,0,0,0,0,0,0,0,0,0,0,0,1.10558e-05,3.80724e-05,0.000155229,0.000326267,0.00177681,0.00525564,0.0141864,0.0298569,0.0519427,0.077163,0.0972535,0.10746,0.108585,0.102746,0.0923512,0.0762471,0.0636222,0.0506775,0.0400662,0.0314111,0.0245825,0.0188652,0.0153789,0.0111875,0.0081568,0.00663919,0.00523944,0.00417086,0.00283284,0.00250379,0.00200891,0.00172402,0.00154506,0.00106173,0.00077338,0.000604819,0.000563669,0.000486496,0.000330972,0.000257352,0.000212486,0.000180045,0.000282524,0.000146116,4.98434e-05,0.000140503,3.4131e-05,8.97205e-05,0.000130263,9.27617e-07,1.1264e-05,2.44854e-05,3.74936e-05,8.57406e-05,6.14333e-05,5.02881e-05,6.22699e-05,3.95576e-05,4.05496e-07,6.35844e-05,6.35087e-05,2.44384e-05,1.6712e-06,1.33187e-05,1.72598e-05,9.36938e-06,3.83703e-06,3.71001e-07,4.42048e-06,1.23367e-07,2.73071e-06,9.77379e-08,3.04283e-06,1.61281e-07,2.32159e-08,0,0,0,0,0,0,0}:
{0,97,0,0,0,0,0,0,0,0,0,0,0,0,0,0,0,0,0,8.09795e-08,3.55712e-05,0.000134689,0.000488263,0.0019603,0.00593057,0.0149948,0.030191,0.0524406,0.0744613,0.0945959,0.105839,0.10738,0.100799,0.0907282,0.0765857,0.0636771,0.0520467,0.0406954,0.0325117,0.0256506,0.019668,0.0147696,0.0120087,0.00869459,0.00716967,0.00515688,0.00454892,0.0033312,0.00248149,0.00191212,0.00186414,0.00104709,0.000905917,0.000941588,0.000606891,0.000590035,0.000644633,0.000314975,0.000416016,0.000285417,0.000243546,0.000115074,0.000272885,0.000161646,0.000132715,0.000110304,4.37221e-05,7.65409e-05,5.83926e-05,1.48946e-05,4.88236e-05,3.65231e-05,9.47533e-05,2.65234e-05,4.01437e-05,2.49095e-05,2.43772e-05,1.1844e-05,2.38124e-05,1.88561e-06,5.33437e-05,2.45114e-05,2.93077e-05,6.24258e-06,9.9875e-06,1.4905e-05,2.37929e-06,0,8.64725e-08,2.93214e-07,0,1.06075e-07,5.37541e-08,0,0,0,0,0,0,0}:
{0,97,0,0,0,0,0,0,0,0,0,0,0,0,0,0,0,0,0,0,1.41987e-05,6.10083e-05,0.00015733,0.000574093,0.00220515,0.00624679,0.0149131,0.030058,0.0515742,0.0742092,0.0935292,0.103707,0.105535,0.101116,0.0895083,0.07646,0.0639547,0.0502056,0.0407755,0.0322138,0.0263679,0.0194011,0.0160878,0.011591,0.00895837,0.00694248,0.00526942,0.0045187,0.00307569,0.00237591,0.00184455,0.00189549,0.0014744,0.00108304,0.000916101,0.000697396,0.000618451,0.000488709,0.000443356,0.000483759,0.000215002,0.000250468,0.000127679,8.53054e-05,0.000222711,7.67275e-05,8.0688e-05,6.86291e-05,6.98333e-05,9.22712e-05,5.79671e-05,4.79472e-05,4.75425e-05,3.97318e-05,6.03949e-05,1.21475e-05,5.0858e-05,2.5335e-05,4.09732e-07,2.4025e-05,2.44491e-05,2.45114e-05,2.0004e-05,1.33037e-05,1.94088e-07,4.24452e-06,1.86822e-07,5.00116e-06,8.64725e-08,1.48606e-07,0,1.06075e-07,1.08133e-07,0,0,0,0,0,0,0}:
{0,97,0,0,0,0,0,0,0,0,0,0,0,0,0,0,0,0,0,0,7.09934e-06,1.35804e-05,4.48603e-05,0.000230091,0.000784646,0.00254049,0.0065666,0.0158817,0.0308284,0.0515955,0.0731947,0.0913343,0.101371,0.103357,0.0987631,0.0888677,0.0761003,0.0649567,0.0528205,0.0417943,0.0334136,0.026556,0.0211555,0.0155978,0.0129204,0.00893394,0.00832779,0.00554896,0.00464418,0.00379854,0.00288782,0.00237107,0.00176781,0.00123194,0.0013753,0.000975445,0.000792953,0.000633691,0.00067467,0.00039303,0.000191159,0.000323744,0.000189154,0.000376749,0.000299593,0.000199297,0.000129296,0.000139927,4.5041e-05,9.64727e-05,4.9574e-05,7.15759e-05,9.79992e-07,6.24519e-05,5.30228e-05,4.22092e-05,2.85505e-06,3.88691e-05,1.23159e-05,5.20632e-05,3.60533e-05,6.41264e-07,1.74514e-05,2.92213e-05,9.89307e-06,2.15505e-05,4.42048e-06,2.85643e-07,2.77572e-06,9.77379e-08,4.09061e-07,1.61281e-07,1.47138e-06,0,0,0,0,0,0,0}:
{0,97,0,0,0,0,0,0,0,0,0,0,0,0,0,0,0,0,0,0,1.1319e-07,0,6.48127e-06,5.33571e-05,0.000280001,0.00085461,0.00272503,0.00750656,0.0160404,0.0305058,0.0512924,0.0714163,0.0881855,0.10107,0.102571,0.096254,0.0878762,0.0772956,0.0649367,0.0537729,0.0430777,0.0341638,0.0271407,0.0204754,0.0164293,0.0122896,0.00973262,0.00775541,0.00585647,0.00472702,0.00382872,0.00292044,0.00224619,0.00218339,0.00136601,0.00129131,0.00111899,0.000610666,0.000451709,0.000735015,0.000421063,0.000493567,0.000412146,0.000360341,0.000256256,0.000370095,0.000137524,0.000189882,0.000116049,0.000175562,0.000131422,0.000155131,9.8528e-05,4.68405e-05,3.72561e-05,2.45053e-05,6.28521e-05,1.59532e-05,1.31522e-05,7.71301e-05,7.7164e-05,0,1.93645e-05,2.27344e-05,1.35692e-05,4.41391e-06,2.25399e-07,2.56226e-06,1.31477e-07,1.80873e-05,0,0,1.48665e-06,0,0,0,0,0,0,0}:
{0,97,0,0,0,0,0,0,0,0,0,0,0,0,0,0,0,0,0,0,0,6.75476e-06,0,2.03165e-05,5.80814e-05,0.000356964,0.000974701,0.00269287,0.00736898,0.0166159,0.0312978,0.0503741,0.071247,0.0871546,0.0977324,0.102136,0.097488,0.0879519,0.0755847,0.0646608,0.0537837,0.0433571,0.0346463,0.0274056,0.0206264,0.0177836,0.0131632,0.0107771,0.00787266,0.00631577,0.00500682,0.0037518,0.00328595,0.0021912,0.00200314,0.00132436,0.00155604,0.00100168,0.000857448,0.000743273,0.000455268,0.000493926,0.000400055,0.000347537,0.00018884,0.000403468,0.000265356,0.000126204,6.92883e-05,0.000199281,8.11938e-05,8.39405e-05,0.000194489,0.000138128,9.80953e-05,5.2934e-05,1.42753e-06,7.48086e-05,6.49512e-05,6.4489e-05,1.55585e-05,4.21759e-07,1.90595e-05,1.14347e-05,5.98285e-06,8.36175e-06,9.5961e-06,7.32001e-06,8.64725e-08,0,0,3.22562e-07,5.37541e-08,0,0,0,0,0,0,0}:
{0,97,0,0,0,0,0,0,0,0,0,0,0,0,0,0,0,0,0,0,0,0,0,2.63371e-05,2.91341e-05,0.000131306,0.000341129,0.00113564,0.00329525,0.00784856,0.0165821,0.0316122,0.0501971,0.0692862,0.0870162,0.0968464,0.100625,0.0950546,0.0880287,0.0767551,0.0657278,0.0532753,0.0426508,0.0363861,0.0280542,0.0214644,0.0178733,0.0125332,0.0107029,0.00829925,0.00674032,0.00521985,0.00418976,0.00355664,0.0020137,0.00209161,0.00143876,0.00125648,0.00113715,0.00100904,0.000766918,0.000681167,0.000640308,0.000703972,0.000275624,0.000324442,0.000215045,0.000245602,0.000101768,0.000163092,0.000180414,5.34192e-05,0.000149456,7.50134e-05,0.000137837,3.68466e-05,0.000115121,3.71623e-05,0.000130569,1.24017e-06,5.22844e-05,6.62166e-05,3.94628e-05,4.54727e-05,2.17643e-06,1.05862e-05,2.34071e-06,1.0381e-05,5.02552e-06,2.46344e-07,2.55146e-07,1.0383e-05,6.17009e-08,0,0,0,0,0,0,0}:
{0,97,0,0,0,0,0,0,0,0,0,0,0,0,0,0,0,0,0,0,0,0,0,6.1182e-06,1.17182e-05,5.04645e-05,0.000124481,0.000410906,0.00118828,0.00346596,0.00824262,0.0180685,0.0316139,0.0498463,0.0686731,0.0840298,0.0952583,0.0978062,0.0940718,0.0872607,0.0760161,0.0643854,0.0539485,0.0443212,0.0351004,0.0270523,0.0221236,0.0170503,0.0149534,0.0109221,0.00786291,0.0070432,0.00562265,0.00415813,0.00378207,0.00320762,0.00225645,0.00186887,0.00156812,0.00128285,0.00110596,0.000806789,0.00070243,0.000598035,0.000645298,0.000303131,0.000291815,0.000380837,0.000358634,0.000120527,0.000264841,0.000111216,0.000173261,0.000142494,2.72055e-05,0.000186077,0.00012279,0.00011096,6.74263e-05,0.00010454,0.000155001,4.12834e-05,1.65295e-05,1.71385e-05,4.48051e-06,1.72639e-05,5.05507e-06,1.23367e-07,5.157e-06,2.84012e-06,2.55146e-07,1.06075e-07,1.99937e-06,0,0,0,0,0,0,0}:
{0,97,0,0,0,0,0,0,0,0,0,0,0,0,0,0,0,0,0,0,0,0,0,0,0,1.69821e-05,4.34303e-05,0.000148836,0.000423267,0.00150974,0.00370398,0.00882892,0.0180037,0.0321012,0.0493056,0.0691764,0.0833404,0.092922,0.0960492,0.0927137,0.0847856,0.0754433,0.0637205,0.0544389,0.0443887,0.0364659,0.0290108,0.0228528,0.01776,0.0144388,0.0110529,0.0083666,0.00679253,0.00557767,0.00421041,0.00330741,0.00279541,0.00234598,0.00193359,0.00146556,0.00138676,0.000911625,0.000772221,0.0006432,0.000436035,0.000699197,0.000524983,0.000297656,0.000255877,0.000376987,0.000208325,0.000157846,0.000208095,0.000268459,0.000148482,0.000150384,0.000178817,7.62602e-05,3.67513e-05,0.000116552,8.98106e-05,6.59971e-05,3.35714e-05,4.0154e-05,8.71247e-06,6.33455e-06,1.67388e-05,1.23367e-07,8.63719e-06,1.52472e-05,1.53915e-07,1.02769e-05,9.33826e-07,0,0,1.0656e-07,0,0,0,0}:
{0,97,0,0,0,0,0,0,0,0,0,0,0,0,0,0,0,0,0,0,0,0,0,0,5.8591e-06,0,1.09754e-05,7.61213e-05,0.00016471,0.00057851,0.00159626,0.00391651,0.0091091,0.018602,0.032163,0.0496516,0.0662276,0.0828622,0.0907099,0.0944221,0.0910471,0.0853468,0.0752134,0.0653767,0.0534538,0.044938,0.0362275,0.0297381,0.0225306,0.0183435,0.0145137,0.0114615,0.00909946,0.00688851,0.00622932,0.00426472,0.00380483,0.00298568,0.00229406,0.00180064,0.00159906,0.0012885,0.000927558,0.00121362,0.000527817,0.000521868,0.00063078,0.000444077,0.000369691,0.000350319,0.000256933,0.000282713,0.000141098,0.000223656,0.000233045,6.15623e-05,7.25316e-05,0.000129843,0.000104025,5.5189e-05,6.4931e-05,7.84723e-05,3.93446e-05,2.92433e-05,6.04928e-06,1.07556e-05,6.90944e-06,1.62277e-07,2.68571e-06,9.77379e-08,5.62976e-07,3.08237e-06,9.57042e-07,0,0,0,0,0,0,0}:
{0,97,0,0,0,0,0,0,0,0,0,0,0,0,0,0,0,0,0,0,0,0,0,0,0,0,0,1.6401e-05,7.65713e-05,0.000195747,0.000659075,0.00160407,0.00432331,0.00936122,0.0184929,0.0322973,0.048968,0.0659002,0.08183,0.0892387,0.0933381,0.091993,0.0840528,0.0741981,0.0662792,0.0530773,0.044483,0.0367661,0.0287977,0.0235758,0.019761,0.0157459,0.0123914,0.00922558,0.00710707,0.00592672,0.00500788,0.00405836,0.00343993,0.00202914,0.00189064,0.00151518,0.00125435,0.00112499,0.00106181,0.000769417,0.000678229,0.000684805,0.000471292,0.000444773,0.000279752,0.000313363,0.000353413,0.000187504,0.000200702,0.000149979,0.000212123,0.000176175,0.000132011,0.000191797,0.000166544,3.02483e-05,5.27739e-05,4.87134e-05,9.9875e-06,1.26035e-05,2.32776e-05,2.6434e-06,3.4589e-07,1.23093e-05,2.9416e-06,0,5.1272e-07,5.03492e-08,0,0,0,0,0,0}:
{0,97,0,0,0,0,0,0,0,0,0,0,0,0,0,0,0,0,0,0,0,0,0,0,0,0,5.54523e-06,7.10802e-06,4.53539e-05,0.000136357,0.000218756,0.000735826,0.00179057,0.00448845,0.00999658,0.0193177,0.0323083,0.0482195,0.064967,0.0800055,0.0884808,0.0928629,0.091286,0.0826636,0.0743982,0.0658606,0.05527,0.0442755,0.0371834,0.0291406,0.0228192,0.0177471,0.0154937,0.0116023,0.00980149,0.00732427,0.00584477,0.00507808,0.003906,0.00288027,0.00239173,0.00217047,0.00175088,0.00140904,0.00108101,0.000791901,0.000682363,0.000676103,0.000681598,0.000376321,0.000269577,0.000441645,0.00022154,0.000310668,0.000160917,0.000189327,0.000143003,5.27245e-05,9.18617e-05,0.000249328,0.000118688,6.79208e-05,7.41524e-05,1.77913e-05,1.6195e-05,1.71967e-05,6.68707e-06,3.088e-06,2.59923e-06,3.94949e-07,4.57606e-07,6.64425e-06,4.97451e-07,0,0,0,0,0,0,0}:
{0,97,0,0,0,0,0,0,0,0,0,0,0,0,0,0,0,0,0,0,0,0,0,0,0,0,5.48768e-06,0,2.18899e-05,1.10847e-05,0.000122779,0.000280852,0.000698876,0.0019785,0.00470626,0.0103661,0.019407,0.0331285,0.0483044,0.0649559,0.0782692,0.0888312,0.0910651,0.0900362,0.0847794,0.0742372,0.0643772,0.0560857,0.045733,0.0384778,0.0308998,0.0252973,0.0185524,0.0154121,0.0132399,0.0106024,0.00732935,0.006318,0.00516874,0.00358239,0.00324477,0.00247714,0.0021816,0.00158243,0.00146777,0.00144664,0.000693366,0.00103034,0.000967116,0.000597248,0.000494707,0.000338694,0.000393634,0.000311231,0.000288955,0.000166218,0.000155597,0.000148335,0.000166457,0.000221687,9.10513e-05,7.99571e-05,7.94426e-05,3.60334e-05,3.37103e-05,2.12746e-05,2.81814e-05,7.07328e-06,3.94431e-07,6.56388e-06,2.9416e-06,1.61281e-07,2.46691e-06,3.31147e-08,5.8758e-08,0,0,0,0,0}:
{0,97,0,0,0,0,0,0,0,0,0,0,0,0,0,0,0,0,0,0,0,0,0,0,0,0,0,5.44796e-06,0,1.10847e-05,2.47193e-05,0.000127244,0.00038191,0.00075424,0.00215539,0.00537474,0.0104761,0.0197001,0.0335545,0.0483207,0.06326,0.0789885,0.08742,0.088942,0.0885805,0.0841521,0.0754878,0.063903,0.0575427,0.0468526,0.0374852,0.0303762,0.0240385,0.0193469,0.0161891,0.0126072,0.0101243,0.00776874,0.00614752,0.00498547,0.00432673,0.00300725,0.00279808,0.0023505,0.00186284,0.00182687,0.00134176,0.00093824,0.000748038,0.000926978,0.00050215,0.000457455,0.000431983,0.000407913,0.000295207,0.00018909,0.000180034,0.000135871,0.000243571,0.000219576,3.89821e-05,0.000100374,9.09009e-05,3.24597e-05,2.61187e-05,4.51266e-05,2.57744e-05,1.25343e-05,1.36627e-05,2.93786e-06,4.61746e-07,1.06075e-07,2.37404e-06,0,0,0,0,0,0,0}:
{0,97,0,0,0,0,0,0,0,0,0,0,0,0,0,0,0,0,0,0,0,0,0,0,0,0,0,5.44796e-06,0,1.68883e-06,5.79104e-06,1.9491e-05,0.000132618,0.000348466,0.000954127,0.00217148,0.00536488,0.011166,0.0198277,0.0326935,0.0479537,0.0637553,0.0775003,0.0844773,0.0878851,0.0876781,0.0814233,0.0745357,0.0643518,0.0567116,0.0470636,0.0388427,0.0309464,0.0250817,0.0192772,0.015259,0.0118593,0.00989844,0.00839989,0.00655113,0.00505505,0.00447444,0.00346988,0.00263564,0.00236263,0.00198017,0.00176059,0.00144947,0.00113946,0.000906709,0.000683968,0.000674522,0.000424409,0.000435546,0.00053617,0.000342976,0.000193185,0.000266317,0.000199427,0.000132931,0.000273016,0.000247673,7.51448e-05,3.75647e-05,2.93481e-05,2.75113e-05,6.79674e-06,9.75891e-06,1.13679e-05,1.48606e-07,2.0246e-07,3.18844e-06,2.47485e-06,5.03492e-08,0,0,0,0,0,0}:
{0,97,0,0,0,0,0,0,0,0,0,0,0,0,0,0,0,0,0,0,0,0,0,0,0,0,0,0,0,0,5.70016e-06,1.16276e-05,5.1796e-05,0.000142272,0.000366239,0.000962215,0.00264582,0.00577138,0.0116471,0.0208612,0.032349,0.0469756,0.0619291,0.0749076,0.0862298,0.0884463,0.0865339,0.0806827,0.0749078,0.064248,0.0553436,0.0457958,0.0378015,0.0303187,0.0251916,0.0196576,0.01631,0.012993,0.0108506,0.00889972,0.00655172,0.00597731,0.0046365,0.00337238,0.0028197,0.00222537,0.00214083,0.00158425,0.00144367,0.00108193,0.00111198,0.000695137,0.000667155,0.000455168,0.000411561,0.000405961,0.000350523,0.000246586,0.000216754,0.00023263,0.00010704,0.000159088,9.27537e-05,6.13753e-05,2.02262e-05,1.26986e-05,2.30492e-05,5.57577e-06,1.57846e-05,1.24579e-05,9.80755e-06,0,1.99937e-06,5.03492e-08,0,0,0,0,0,0}:
{0,97,0,0,0,0,0,0,0,0,0,0,0,0,0,0,0,0,0,0,0,0,0,0,0,0,0,0,0,0,1.50655e-07,5.81379e-06,2.611e-05,7.16804e-05,0.000159027,0.000429832,0.001074,0.00267664,0.00561025,0.0121598,0.0207081,0.0323886,0.0472803,0.0640561,0.073984,0.0825515,0.086972,0.0844237,0.0803106,0.0724891,0.0650364,0.0546572,0.047527,0.0390146,0.0306149,0.0259446,0.0210048,0.0160945,0.0129814,0.0110201,0.00804805,0.00764593,0.00611524,0.00468361,0.00361983,0.00299496,0.00246052,0.00192405,0.0015969,0.00157269,0.00131726,0.000905117,0.000610523,0.000580045,0.00066723,0.00056569,0.000278344,0.000450575,0.000210071,0.000280647,0.000149409,0.000250502,0.00011551,4.17859e-05,2.71904e-05,2.178e-05,5.13223e-06,8.18021e-07,5.22372e-07,1.90362e-05,9.90878e-06,3.22562e-07,1.99205e-06,3.31147e-08,0,0,0,0,0,0}:
{0,97,0,0,0,0,0,0,0,0,0,0,0,0,0,0,0,0,0,0,0,0,0,0,0,0,0,0,0,0,0,1.77154e-06,0,3.83597e-05,5.5137e-05,0.000132926,0.000497574,0.00116585,0.00272224,0.0062775,0.0120714,0.0202612,0.0328879,0.0480859,0.0601389,0.0751194,0.0824618,0.0860203,0.0828836,0.0806351,0.0730565,0.0664156,0.0554927,0.0466018,0.0394522,0.0318448,0.0263046,0.0217216,0.01699,0.0139214,0.0108859,0.00848177,0.00703622,0.00549671,0.00453419,0.00374269,0.00351324,0.00212176,0.0021715,0.00163781,0.00120449,0.000783286,0.00102007,0.000764642,0.000927163,0.000485934,0.000529179,0.000407206,0.000328417,0.000319672,0.000277583,0.000338215,0.000198395,4.77353e-05,4.27804e-05,1.91047e-05,1.8434e-05,7.52452e-06,1.36627e-05,3.23507e-06,5.8832e-06,3.24365e-06,1.95356e-06,9.62264e-07,0,0,0,0,0,0}:
{0,97,0,0,0,0,0,0,0,0,0,0,0,0,0,0,0,0,0,0,0,0,0,0,0,0,0,0,0,0,0,0,7.91368e-06,2.10353e-05,2.69096e-05,9.55093e-05,0.000221156,0.000601907,0.00158052,0.0027715,0.0067141,0.0120345,0.02184,0.0333057,0.0469136,0.0615818,0.0727633,0.0812261,0.0846906,0.0836074,0.0790534,0.0710321,0.0649225,0.0568226,0.0468927,0.0385099,0.0318657,0.0254895,0.0210379,0.0169012,0.0131863,0.0110607,0.00906263,0.00748202,0.00668044,0.00449964,0.00378239,0.00323686,0.0031344,0.0022099,0.00159843,0.00144025,0.00127377,0.000840632,0.0010217,0.00075222,0.000513897,0.000591039,0.000465045,0.000418253,0.00022404,0.000146146,0.00020966,5.64409e-05,5.9212e-05,1.48307e-05,1.62446e-05,3.56963e-05,5.46142e-06,8.6181e-06,1.001e-05,6.32602e-06,9.2239e-08,9.95378e-07,0,0,0,0,0,0}:
{0,97,0,0,0,0,0,0,0,0,0,0,0,0,0,0,0,0,0,0,0,0,0,0,0,0,0,0,0,0,0,0,0,1.93958e-06,1.54885e-05,4.30778e-05,9.69998e-05,0.000199252,0.000662052,0.00128333,0.00335741,0.00614927,0.011769,0.0217111,0.0328654,0.0471377,0.0591743,0.0729952,0.0794982,0.0835267,0.0835234,0.0786881,0.074931,0.0631905,0.0563154,0.0470042,0.039455,0.031361,0.0265608,0.0214315,0.016931,0.014108,0.0127796,0.00818682,0.00780991,0.00593492,0.00473287,0.00389086,0.00369282,0.00289367,0.00203009,0.00167628,0.00159894,0.00151939,0.0010724,0.000628402,0.000638049,0.000757322,0.000481312,0.000636632,0.000346303,0.000289535,0.000216521,7.19695e-05,3.69199e-05,2.17772e-05,2.1868e-05,2.82476e-05,8.55072e-06,2.46344e-07,5.8832e-06,2.12149e-07,5.8063e-06,3.31147e-08,0,0,0,0,0,0}:
{0,97,0,0,0,0,0,0,0,0,0,0,0,0,0,0,0,0,0,0,0,0,0,0,0,0,0,0,0,0,0,0,0,1.68233e-07,1.33484e-05,1.46249e-05,8.58915e-05,8.17924e-05,0.000177597,0.000545177,0.00172456,0.00326609,0.0066862,0.0131042,0.0222128,0.0317215,0.0463556,0.0600679,0.0726358,0.0796616,0.0827384,0.0832892,0.0785849,0.0725286,0.0640689,0.0550148,0.047422,0.0407019,0.0320482,0.0279496,0.0218141,0.0182692,0.0135655,0.0118714,0.00932038,0.00748502,0.00588386,0.00536903,0.00425738,0.00310474,0.0028844,0.00250132,0.00145946,0.00125554,0.00122978,0.00144677,0.000799103,0.000856813,0.000910649,0.000487565,0.000299533,0.000460906,0.000202603,0.00010082,4.4663e-05,1.35499e-05,2.11948e-05,1.02913e-05,3.3059e-05,6.22379e-06,8.92602e-06,2.12149e-07,2.15641e-07,0,0,0,0,0,0,0}:
{0,97,0,0,0,0,0,0,0,0,0,0,0,0,0,0,0,0,0,0,0,0,0,0,0,0,0,0,0,0,0,0,0,0,0,7.25554e-06,4.9419e-06,5.64103e-05,0.00014002,0.000255238,0.000945515,0.00183678,0.00384933,0.00731313,0.0129599,0.0212727,0.0330136,0.0464347,0.0592693,0.0694904,0.0786255,0.0820784,0.0798528,0.0779509,0.0708167,0.0634606,0.0575054,0.0479224,0.0399601,0.0342538,0.026804,0.0219074,0.0190966,0.0138074,0.0127652,0.0103791,0.00789971,0.00673133,0.00496713,0.00387775,0.00300035,0.00347115,0.00222089,0.00209839,0.00158561,0.000977701,0.000871321,0.0011329,0.000628138,0.000760159,0.000759996,0.000491453,0.000251728,8.60549e-05,9.52322e-05,2.75364e-05,2.93922e-05,3.34619e-05,2.73704e-05,1.52472e-05,1.5792e-05,2.67356e-07,3.36162e-06,1.16579e-07,0,0,0,0,0,0}:
{0,97,0,0,0,0,0,0,0,0,0,0,0,0,0,0,0,0,0,0,0,0,0,0,0,0,0,0,0,0,0,0,0,0,0,0,1.59286e-05,9.04677e-06,9.26163e-05,0.000205713,0.000364404,0.000848779,0.00157083,0.00373901,0.00801295,0.013395,0.0222405,0.0335644,0.0460982,0.0595254,0.0683532,0.0772229,0.0800013,0.0808691,0.0768277,0.0727105,0.0632989,0.0559272,0.0487291,0.0409718,0.0331324,0.0276228,0.0230108,0.0177799,0.0159464,0.012147,0.00990773,0.00783099,0.0074134,0.00532002,0.0043402,0.00366332,0.00259241,0.00207308,0.00200561,0.00177048,0.00116836,0.0012019,0.000910553,0.000613716,0.000647723,0.0009779,0.000307403,0.000110397,5.34445e-05,3.48244e-05,1.92971e-05,2.56854e-05,2.52648e-05,2.53028e-05,5.10291e-07,1.3894e-05,2.51334e-06,3.31147e-08,0,0,0,0,0,0}:
{0,97,0,0,0,0,0,0,0,0,0,0,0,0,0,0,0,0,0,0,0,0,0,0,0,0,0,0,0,0,0,0,0,0,0,0,0,3.0844e-05,5.83959e-05,8.40662e-05,0.000177986,0.000448788,0.000762392,0.00183336,0.00383537,0.00825174,0.014053,0.0227621,0.0322448,0.0452028,0.0577481,0.0699961,0.0757673,0.0829666,0.0808861,0.0786178,0.0725885,0.0646466,0.0551345,0.0464412,0.0400848,0.035036,0.02762,0.0220827,0.0180336,0.0155222,0.0130407,0.00984619,0.00807687,0.00611714,0.00493352,0.0041599,0.00370137,0.0027663,0.00213825,0.00177141,0.00178517,0.00142226,0.00158265,0.000879853,0.000827334,0.000734362,0.000428175,0.000150553,7.93147e-05,4.30267e-05,1.38544e-05,4.42163e-05,1.96592e-05,9.9619e-06,1.2224e-05,3.34973e-06,2.85622e-06,3.31147e-08,0,0,0,0,0,0}:
{0,97,0,0,0,0,0,0,0,0,0,0,0,0,0,0,0,0,0,0,0,0,0,0,0,0,0,0,0,0,0,0,0,6.36524e-06,0,0,7.83931e-06,0,9.69649e-08,6.6429e-05,8.29274e-05,0.00025256,0.000498209,0.000829079,0.00225714,0.0039202,0.00817306,0.0144213,0.0221273,0.0329656,0.045615,0.0574261,0.0683773,0.075133,0.0811058,0.0805827,0.0746876,0.0688833,0.0616327,0.0551083,0.0494743,0.0407846,0.0337541,0.0277036,0.0232708,0.0189263,0.0152187,0.0132893,0.0100405,0.00837581,0.00634137,0.00547161,0.00420122,0.00385892,0.00270435,0.00277811,0.00204291,0.00166808,0.00140258,0.00110519,0.00110123,0.000714683,0.000461586,0.000142519,6.78249e-05,5.18895e-05,2.42087e-05,1.84768e-05,2.01816e-05,1.47442e-05,1.001e-05,1.34101e-05,2.45896e-06,3.15792e-06,0,0,0,0,0,0}:
{0,97,0,0,0,0,0,0,0,0,0,0,0,0,0,0,0,0,0,0,0,0,0,0,0,0,0,0,0,0,0,0,0,0,0,0,0,0,0,1.01316e-05,3.96765e-05,4.25341e-05,0.00018761,0.000499736,0.00107325,0.00218219,0.0047562,0.00818214,0.0149026,0.0230273,0.0345993,0.0464978,0.0574346,0.0687025,0.0756712,0.0785808,0.0780101,0.074641,0.0704233,0.0619441,0.0565726,0.0466862,0.0419289,0.0344276,0.027733,0.0224384,0.0187767,0.0152755,0.0130971,0.00992033,0.00763812,0.00665628,0.00545399,0.00490107,0.0040897,0.0028749,0.00261577,0.00164414,0.0017059,0.00166388,0.00143541,0.00091291,0.000556981,0.000204148,8.73344e-05,4.24343e-05,6.10708e-05,1.39302e-05,8.10566e-06,9.16165e-06,1.26965e-05,3.7343e-07,6.832e-06,3.31147e-08,0,0,0,0,0,0}:
{0,97,0,0,0,0,0,0,0,0,0,0,0,0,0,0,0,0,0,0,0,0,0,0,0,0,0,0,0,0,0,0,0,0,0,0,0,0,1.84938e-05,1.01863e-05,1.09606e-05,9.66136e-05,8.85915e-05,0.000181998,0.000489573,0.00110522,0.00235647,0.00445571,0.00882246,0.014176,0.0224267,0.0333084,0.0459981,0.0552509,0.0665203,0.0742937,0.0784291,0.0784896,0.0742605,0.0697856,0.0623252,0.0549714,0.0485638,0.0416059,0.0338474,0.0288153,0.022449,0.0189872,0.015939,0.0127632,0.00988061,0.00829628,0.00726315,0.00585371,0.00450482,0.00454734,0.00354309,0.0027733,0.00232902,0.0022472,0.00136901,0.00163669,0.000606487,0.000310036,9.67754e-05,2.97062e-05,5.25137e-05,3.57808e-05,8.6695e-06,1.54427e-05,1.32068e-05,0,1.02516e-05,9.62264e-07,1.70742e-06,0,0,0,0,0}:
{0,97,0,0,0,0,0,0,0,0,0,0,0,0,0,0,0,0,0,0,0,0,0,0,0,0,0,0,0,0,0,0,0,0,0,0,0,0,0,1.00265e-05,3.33985e-06,1.19194e-05,7.81608e-06,5.03182e-05,0.00030231,0.000607692,0.00107156,0.00262267,0.00489765,0.00838318,0.0145073,0.0226278,0.0328245,0.0447739,0.0564655,0.0663387,0.0740705,0.0778735,0.0780644,0.0769548,0.07015,0.0638254,0.0547372,0.0485669,0.0415105,0.0349237,0.0301136,0.0236448,0.0206614,0.0167734,0.012773,0.00987264,0.00865953,0.00683173,0.00611218,0.0047045,0.00391458,0.00359598,0.00246285,0.00255654,0.00167885,0.00156579,0.000859667,0.000251691,0.0001448,6.74775e-05,4.18599e-05,2.89357e-05,2.96652e-05,9.15765e-06,6.13834e-06,1.27581e-05,4.84827e-06,1.51048e-07,0,0,0,0,0,0}:
{0,97,0,0,0,0,0,0,0,0,0,0,0,0,0,0,0,0,0,0,0,0,0,0,0,0,0,0,0,0,0,0,0,0,0,0,0,0,0,0,0,1.17324e-05,1.30298e-05,7.53421e-05,0.000148781,0.000204669,0.000690244,0.00160065,0.00273197,0.00486984,0.00899364,0.0145212,0.0243667,0.0331162,0.0436092,0.0554047,0.0647363,0.0736901,0.0785002,0.0754239,0.0750726,0.0701409,0.0610981,0.0563793,0.0472184,0.0409342,0.0331254,0.0290162,0.0239724,0.0196749,0.017207,0.013769,0.0105105,0.00946717,0.00753481,0.00578802,0.00468265,0.00379504,0.00334648,0.00263014,0.00202627,0.00196157,0.00103293,0.000331094,0.000123848,4.93693e-05,4.86597e-05,2.07501e-05,1.68708e-05,3.4432e-05,1.58932e-05,6.27082e-06,5.81488e-06,5.03492e-08,0,0,0,0,0,0}:
{0,97,0,0,0,0,0,0,0,0,0,0,0,0,0,0,0,0,0,0,0,0,0,0,0,0,0,0,0,0,0,0,0,0,0,0,0,0,0,1.00265e-05,0,0,0,8.28874e-06,7.34006e-05,5.82345e-05,0.000305776,0.000589028,0.00124174,0.00232861,0.00514526,0.00866188,0.0143406,0.0232905,0.0337289,0.0445826,0.0549928,0.0656573,0.0724604,0.0755438,0.0755359,0.072432,0.0689752,0.0628463,0.0571136,0.0483772,0.0400407,0.035682,0.0292817,0.0240467,0.0204064,0.0157065,0.0142501,0.0112757,0.00842509,0.00763755,0.00631321,0.00511968,0.00406483,0.0036569,0.00248129,0.00237892,0.00114367,0.000334959,0.000121117,9.98846e-05,2.75576e-05,2.6789e-05,2.26079e-05,1.86777e-05,6.59595e-06,6.86073e-06,2.38769e-06,5.03492e-08,0,0,0,0,0,0}:
{0,97,0,0,0,0,0,0,0,0,0,0,0,0,0,0,0,0,0,0,0,0,0,0,0,0,0,0,0,0,0,0,0,0,0,0,0,0,0,0,0,1.17324e-05,0,8.28874e-06,1.95575e-05,5.79099e-05,0.000124136,0.000281186,0.000596288,0.00139372,0.00293313,0.00543336,0.00917256,0.0158917,0.0234927,0.0329682,0.0439418,0.0544254,0.0626594,0.0729632,0.074472,0.0774038,0.0728232,0.0689349,0.0629481,0.0554788,0.0497331,0.0416031,0.0336314,0.0286831,0.0225636,0.0205829,0.0166828,0.0143539,0.0115845,0.00935436,0.00864042,0.00618796,0.00554308,0.00355208,0.00408553,0.003038,0.00144025,0.00039577,0.00010172,8.34688e-05,7.0321e-05,3.14168e-05,3.1643e-05,9.91103e-06,1.66628e-05,3.7343e-07,2.50477e-06,3.2745e-06,0,0,0,0,0,0}:
{0,97,0,0,0,0,0,0,0,0,0,0,0,0,0,0,0,0,0,0,0,0,0,0,0,0,0,0,0,0,0,0,0,0,0,0,0,0,0,0,0,0,1.28253e-05,2.16849e-07,1.5045e-05,1.65077e-05,6.73161e-05,0.000100109,0.000335629,0.000722545,0.00152818,0.00268284,0.00568989,0.0104076,0.0153537,0.0232222,0.0334186,0.0440975,0.0547602,0.0630226,0.0728134,0.0734514,0.0749594,0.0730591,0.0681961,0.061524,0.0553571,0.0472542,0.0401617,0.0347099,0.0283266,0.0244558,0.020446,0.0162958,0.0138261,0.0111628,0.00832273,0.00766226,0.00675194,0.00544753,0.00408144,0.0038116,0.0019283,0.000548664,0.000199078,0.000116773,3.40965e-05,3.24579e-05,2.61274e-05,1.9315e-05,6.69718e-06,6.4321e-06,5.86801e-06,1.16579e-07,0,0,0,0,0,0}:
{0,97,0,0,0,0,0,0,0,0,0,0,0,0,0,0,0,0,0,0,0,0,0,0,0,0,0,0,0,0,0,0,0,0,0,0,0,0,0,0,0,1.17324e-05,0,0,4.51248e-06,1.59976e-05,1.76276e-05,9.27672e-05,9.97756e-05,0.00032052,0.000794199,0.00166069,0.0026345,0.00560552,0.00934853,0.0160997,0.0231017,0.0337798,0.0441604,0.0542869,0.0636265,0.0673929,0.0719394,0.0742202,0.0700932,0.065219,0.0644466,0.0532329,0.0494866,0.0422431,0.034937,0.0299915,0.024664,0.0212102,0.0157437,0.0137794,0.0123787,0.00900356,0.00862527,0.00714937,0.0049865,0.0042834,0.0021118,0.000597221,0.000298513,7.84122e-05,4.24806e-05,2.06993e-05,1.38265e-05,4.10062e-05,1.83138e-05,9.63348e-07,3.56236e-06,1.12919e-06,0,0,0,0,0,0}:
{0,97,0,0,0,0,0,0,0,0,0,0,0,0,0,0,0,0,0,0,0,0,0,0,0,0,0,0,0,0,0,0,0,0,0,0,0,0,0,0,0,0,0,0,0,0,0,4.71515e-05,6.90129e-05,0.000180272,0.000361838,0.000782802,0.00159967,0.0030606,0.0060806,0.0102742,0.0167889,0.0235941,0.0339498,0.0432597,0.0562364,0.0636516,0.0704512,0.0722774,0.0742817,0.0704078,0.0675432,0.0595414,0.0552652,0.0484246,0.041,0.035182,0.0305602,0.0251774,0.0195529,0.0176887,0.0133775,0.0127598,0.00962687,0.0081399,0.00758714,0.00594192,0.00270421,0.000670407,0.000217431,0.000108203,5.31036e-05,3.63454e-05,1.69481e-05,3.46703e-05,1.34619e-05,7.97729e-07,3.23537e-06,1.16579e-07,0,0,0,0,0,0}:
{0,97,0,0,0,0,0,0,0,0,0,0,0,0,0,0,0,0,0,0,0,0,0,0,0,0,0,0,0,0,0,0,0,0,0,0,0,0,0,0,0,0,0,0,0,0,2.72365e-07,1.78885e-05,5.57502e-05,0.000118584,0.000213737,0.000403395,0.00100328,0.00142901,0.00305536,0.00599666,0.0105966,0.0170139,0.0243746,0.032795,0.0425567,0.0537452,0.0610753,0.0698867,0.0721433,0.0724265,0.0718476,0.0687979,0.0597824,0.0554523,0.049168,0.0420795,0.0334649,0.030934,0.0254291,0.0213264,0.0171791,0.0155423,0.0129252,0.0100675,0.00862663,0.00643357,0.00319412,0.000895461,0.000251567,0.000113135,7.36205e-05,4.23724e-05,3.34442e-05,9.25939e-06,3.70703e-06,3.01743e-05,4.04418e-06,3.20827e-06,1.70742e-06,0,0,0,0,0}:
{0,97,0,0,0,0,0,0,0,0,0,0,0,0,0,0,0,0,0,0,0,0,0,0,0,0,0,0,0,0,0,0,0,0,0,0,0,0,0,0,0,0,0,0,0,0,0,0,6.0922e-05,0.000100059,6.86757e-05,0.000117737,0.000556952,0.000799998,0.00187723,0.00340038,0.00655722,0.01076,0.0152817,0.025278,0.0334363,0.0434939,0.0527358,0.0599786,0.0680206,0.0731281,0.0723143,0.071366,0.0664225,0.0602805,0.0559452,0.0484662,0.0424766,0.0369976,0.0309637,0.0252951,0.0224762,0.0171315,0.0146134,0.0125001,0.0103917,0.00924611,0.00394265,0.00100922,0.000299436,0.000120961,6.32307e-05,4.95268e-05,4.1642e-05,2.54046e-05,4.19652e-05,3.99051e-06,7.38707e-06,1.99076e-06,1.70742e-06,0,0,0,0,0}:
{0,97,0,0,0,0,0,0,0,0,0,0,0,0,0,0,0,0,0,0,0,0,0,0,0,0,0,0,0,0,0,0,0,0,0,0,0,0,0,0,0,0,0,0,0,0,1.70828e-05,0,1.92284e-05,4.71716e-05,6.101e-05,6.68894e-05,0.000257962,0.000469882,0.000862587,0.0021654,0.00350436,0.00663643,0.01137,0.016752,0.0238863,0.0336389,0.0436767,0.0552719,0.0610998,0.0694802,0.0685802,0.0744291,0.0716694,0.066715,0.0611325,0.0559499,0.0493009,0.040311,0.0366713,0.030617,0.0257071,0.0219091,0.0176978,0.0151828,0.012035,0.0110575,0.00485154,0.00133366,0.000350094,0.000134011,6.10255e-05,5.66543e-05,2.89538e-05,2.51479e-05,2.34192e-05,4.41856e-05,2.51047e-06,0,0,0,0,0,0,0}:
{0,97,0,0,0,0,0,0,0,0,0,0,0,0,0,0,0,0,0,0,0,0,0,0,0,0,0,0,0,0,0,0,0,0,0,0,0,0,0,0,0,0,0,0,0,0,0,5.63846e-06,1.17329e-05,2.62832e-05,7.65659e-06,6.60594e-05,7.44451e-05,0.000224627,0.000400377,0.000753298,0.00214585,0.00348459,0.00634759,0.010766,0.0161825,0.0245419,0.0329092,0.0421921,0.0527865,0.0606465,0.0673358,0.0691047,0.0697356,0.0694361,0.06748,0.0605744,0.0557825,0.048016,0.043579,0.0378064,0.0295715,0.0265311,0.0215524,0.017348,0.0149698,0.0119587,0.00598912,0.00154663,0.000375928,0.000160511,0.000102651,2.43316e-05,4.39818e-05,2.52925e-05,7.15892e-06,1.68107e-05,8.91157e-06,0,0,0,0,0,0,0}:
{0,97,0,0,0,0,0,0,0,0,0,0,0,0,0,0,0,0,0,0,0,0,0,0,0,0,0,0,0,0,0,0,0,0,0,0,0,0,0,0,0,0,0,0,0,0,0,0,0,3.21184e-07,2.24537e-07,2.99417e-05,4.58501e-05,8.86076e-05,0.000260085,0.000458855,0.00113566,0.00185611,0.00399171,0.00671963,0.0107148,0.0166065,0.0242831,0.0336799,0.0427123,0.0529473,0.0606598,0.0691964,0.070039,0.0698783,0.068363,0.0651494,0.0622044,0.0548098,0.0484135,0.0424027,0.0368216,0.0321132,0.0263965,0.0218817,0.0182756,0.015646,0.00711429,0.00169155,0.000483881,0.000181826,8.02075e-05,5.42002e-05,3.06685e-05,7.09507e-05,3.24992e-05,1.01596e-05,6.48948e-06,9.95378e-07,5.8758e-08,0,0,0,0,0}:
{0,97,0,0,0,0,0,0,0,0,0,0,0,0,0,0,0,0,0,0,0,0,0,0,0,0,0,0,0,0,0,0,0,0,0,0,0,0,0,0,0,0,0,0,0,0,0,0,0,6.13839e-06,6.74925e-06,2.0673e-05,9.19775e-05,0.000194597,0.000447325,0.000600823,0.00110723,0.0023957,0.00539994,0.00834683,0.0149065,0.0271526,0.0462003,0.0690618,0.102063,0.145467,0.194099,0.24637,0.306994,0.365391,0.416465,0.45523,0.484082,0.500609,0.500373,0.490833,0.467556,0.434607,0.401679,0.361029,0.321201,0.283865,0.148508,0.0367022,0.00985204,0.00306681,0.00130707,0.000778843,0.000471541,0.000303178,0.000227806,0.000142729,7.26991e-05,7.38983e-06,1.82494e-06,0,0,1.76146e-05,0,0}:
{0,97,0,0,0,0,0,0,0,0,0,0,0,0,0,0,0,0,0,0,0,0,0,0,0,0,0,0,0,0,0,0,0,0,0,0,0,0,0,0,0,0,0,0,0,0,0,0,0,0,0,0,0,0,2.69792e-07,0,0,0,2.9544e-05,4.89352e-05,0.000156989,0.000170134,0.000522808,0.00102712,0.00217749,0.00366877,0.00703018,0.0134786,0.0211056,0.0338446,0.0530091,0.0778943,0.108737,0.148488,0.197265,0.244101,0.299949,0.349752,0.393412,0.429786,0.457305,0.474764,0.401432,0.156703,0.0416451,0.0111308,0.00416527,0.00168491,0.000829802,0.000562177,0.000429846,0.000312325,0.000110091,1.61434e-05,5.8758e-08,1.01619e-05,6.77889e-06,0,0,0}:
{0,97,0,0,0,0,0,0,0,0,0,0,0,0,0,0,0,0,0,0,0,0,0,0,0,0,0,0,0,0,0,0,0,0,0,0,0,0,0,0,0,0,0,0,0,0,0,0,0,0,0,0,0,0,0,0,0,0,0,0,0,0,9.73285e-06,9.95077e-06,0,1.22271e-05,9.00904e-05,0.000194367,0.000190156,0.000517658,0.00116366,0.00172321,0.00296131,0.00534307,0.009661,0.0167229,0.0263197,0.0396727,0.0586882,0.0877723,0.121228,0.15588,0.406366,0.722564,0.5468,0.214183,0.0621566,0.0193634,0.00684134,0.0033305,0.00185788,0.00125533,0.000391087,6.66513e-05,1.81477e-05,1.62019e-07,3.54697e-07,0,0,0}:
{0,97,0,0,0,0,0,0,0,0,0,0,0,0,0,0,0,0,0,0,0,0,0,0,0,0,0,0,0,0,0,0,0,0,0,0,0,0,0,0,0,0,0,0,0,0,0,0,0,0,0,0,0,0,0,0,0,0,0,0,0,0,0,0,0,0,0,0,0,0,0,0,0,0,0,0,1.17831e-05,1.24637e-05,1.25292e-05,1.30544e-05,0.000141268,0.000171169,0.0030232,0.0724962,0.392761,0.686867,0.540575,0.230008,0.0751557,0.0237409,0.00868195,0.00457403,0.000966863,9.06741e-05,3.70727e-05,3.36504e-06,3.54697e-07,0,0,0}:
{0,97,0,0,0,0,0,0,0,0,0,0,0,0,0,0,0,0,0,0,0,0,0,0,0,0,0,0,0,0,0,0,0,0,0,0,0,0,0,0,0,0,0,0,0,0,0,0,0,0,0,0,0,0,0,0,0,0,0,0,0,0,0,0,0,0,0,0,0,0,0,0,0,0,0,0,0,0,0,0,0,0,0,7.33695e-05,0.00503634,0.0826381,0.383682,0.655602,0.535663,0.246437,0.0857321,0.0285107,0.00321915,0.000223762,3.16762e-05,2.28163e-05,2.90256e-05,0,0,0}:
{0,97,0,0,0,0,0,0,0,0,0,0,0,0,0,0,0,0,0,0,0,0,0,0,0,0,0,0,0,0,0,0,0,0,0,0,0,0,0,0,0,0,0,0,0,0,0,0,0,0,0,0,0,0,0,0,0,0,0,0,0,0,0,0,0,0,0,0,0,0,0,0,0,0,0,0,0,0,0,0,0,0,0,0,1.91851e-06,0.000193278,0.00692815,0.0913307,0.370644,0.624306,0.523071,0.258045,0.0204643,0.000312062,3.86883e-05,1.32471e-05,0,0,0,0}:
{0,97,0,0,0,0,0,0,0,0,0,0,0,0,0,0,0,0,0,0,0,0,0,0,0,0,0,0,0,0,0,0,0,0,0,0,0,0,0,0,0,0,0,0,0,0,0,0,0,0,0,0,0,0,0,0,0,0,0,0,0,0,0,0,0,0,0,0,0,0,0,0,0,0,0,0,0,0,0,0,0,0,0,0,0,0,7.06072e-06,0.000457897,0.00976311,0.100072,0.366539,0.599561,0.122151,0.000563875,8.16285e-05,1.41152e-05,0,1.76146e-05,0,0};
>
