energy(#dis_nue)<
@energy =
{0,97,0,0,0,0,0,0,0,0,0,0,0,0,0,0,0,0,0,0,0,0,0,0,0,0,0,0,0,0,0,0,0,0,0,0,0,0,0,0,0,0,0,0,0,0,0,0,0,0,0,0,0,0,0,0,0,0,0,0,0,0,0,0,0,0,0,0,0,0,0,0,0,0,0,0,0,0,0,0,0,0,0,0,0,0,0,0,0,0,0,0,0,0,0,0,0,0,0,0}:
{0,97,0,0,0,0,0,0,0,0,0,0,0,0,0,0,0,0,0,0,0,0,0,0,0,0,0,0,0,0,0,0,0,0,0,0,0,0,0,0,0,0,0,0,0,0,0,0,0,0,0,0,0,0,0,0,0,0,0,0,0,0,0,0,0,0,0,0,0,0,0,0,0,0,0,0,0,0,0,0,0,0,0,0,0,0,0,0,0,0,0,0,0,0,0,0,0,0,0,0}:
{0,97,0,0,0,0,0,0,0,0,0,0,0,0,0,0,0,0,0,0,0,0,0,0,0,0,0,0,0,0,0,0,0,0,0,0,0,0,0,0,0,0,0,0,0,0,0,0,0,0,0,0,0,0,0,0,0,0,0,0,0,0,0,0,0,0,0,0,0,0,0,0,0,0,0,0,0,0,0,0,0,0,0,0,0,0,0,0,0,0,0,0,0,0,0,0,0,0,0,0}:
{0,97,0,0,0,0,0,0,0,0,0,0,0,0,0,0,0,0,0,0,0,0,0,0,0,0,0,0,0,0,0,0,0,0,0,0,0,0,0,0,0,0,0,0,0,0,0,0,0,0,0,0,0,0,0,0,0,0,0,0,0,0,0,0,0,0,0,0,0,0,0,0,0,0,0,0,0,0,0,0,0,0,0,0,0,0,0,0,0,0,0,0,0,0,0,0,0,0,0,0}:
{0,97,0,0,0,0,0,0,0,0.103239,0,0,0.0124266,0,0,0.00125432,0.00339264,0,0,0,0,0,0,0,0.00113536,0.000317124,0,0,0,0,0,0,0,0,0,0,0,0,0,0,0,0,0,0,0,0,0,0,0,0,0,0,0,0,0,0,0,0,0,0,0,0,0,0,0,0,0,0,0,0,0,0,0,0,0,0,0,0,0,0,0,0,0,0,0,0,0,0,0,0,0,0,0,0,0,0,0,0,0,0}:
{0,97,0,0,0,0,0,0,1,0.104883,0.0685958,0.0335014,0.0124266,0.0245957,0.0105181,0.0126703,0.00339264,0,0.00230145,0.00197875,0.00176069,0.00141866,0,0.0025385,0.00113536,0,0,0.000986941,0,0.000868351,0,0,0,0.000897902,0,0,0,0,0,0,0,0,0,0,0,0,0,0,0,0,0,0,0,0,0,0,0,0,0,0,0,0,0,0,0,0,0,0,0,0,0,0,0,0,0.000747071,0,0,0,0,0,0,0,0,0,0,0,0,0,0,0,0,0,0,0,0,0,0,0,0,0}:
{0,97,0,0,0,0,0,0,0,0.624366,0.250515,0.171173,0.0707405,0.104533,0.0558649,0.0304918,0.0170713,0.0145123,0.0138087,0.00655854,0.0105641,0.00851196,0.00284743,0.00293767,0.00227072,0.00424862,0.00133219,0.0019896,0.000886118,8.26064e-06,0.000287726,0,0,0.000897902,0,9.41839e-06,0,0,0,0.00122443,0,2.27897e-05,0,0,0,0,0,0,0,0,0,0,0,0,0,0,0,0,0,0,0,0,0,0,0,0,0,0,0,0,0,0,0,0,0,0,0,0,0,0,0,0,0,0,0,0,0,0,0,0,0,0,0,0,0,0,0,0,0,0}:
{0,97,0,0,0,0,0,0,0,0.136689,0.498969,0.367873,0.198448,0.112279,0.129563,0.0994058,0.0711749,0.0464064,0.0413546,0.0127154,0.0112187,0.0177683,0.0112243,0.007668,0.00684103,0.00637293,0.00400533,0.00296082,0.00533082,0.00287814,0.00330557,0.00188147,0.00347365,0.00206389,0,0.00100582,0,0.000324586,0,0,0.0017355,0.000450086,0,0,0,0,0,0,2.81672e-05,0,0,0,0,0,3.67012e-05,0.00067999,0,0.00249751,0,0,0,0.00248603,0,0,0,0,0,0,0,0,0,0,0,0,0,0,0,0,0,0,0,3.81913e-05,5.29269e-06,0,0,0,0,0,0,0,0,0,0,0,0,0,0,0,0,0}:
{0,97,0,0,0,0,0,0,0,0.0308237,0.113324,0.31827,0.309151,0.197804,0.181007,0.101931,0.0879978,0.0772826,0.0684352,0.0454309,0.0432979,0.0332707,0.0126367,0.00938891,0.00671181,0.0084574,0.00962586,0.00425815,0.00620282,0.00225522,0.00183849,0.000948165,0.0026329,0.00117453,0.00193193,0.00198952,0.00191803,0.00108715,0.00260215,0.00242579,0,0.00144477,0,0,0,0.00226338,2.91439e-05,0,0,0,0,0,0,0,0,0,0.00074851,0,0,0,0,0,0,0,0.000721284,0,0,0,0,0,0,0,0,0,0,0,0,0,0,0,4.34809e-05,0,0,0,0,0,0,0,6.22225e-06,0,0,0,0,0,0,0,0,0,0,0}:
{0,97,0,0,0,0,0,0,0,0,0.0345688,0.0821114,0.243535,0.188722,0.207167,0.138471,0.119911,0.0907392,0.0874954,0.0418212,0.0490776,0.0329284,0.0281648,0.0273525,0.0154846,0.0119509,0.0123404,0.00852568,0.0116917,0.00724198,0.00232722,0.00749016,0.00437799,0.00236911,0.00350547,0.00396021,0.00102789,0.00327179,0.00184413,0.00121289,1.27139e-05,0.00149953,0.00201855,0,0,0,0,3.08256e-05,0.00232515,0,0.000632906,0,0,0,0.000688131,0,0,0,0,0,0,0,0,0,0,0,0,0,0,0,0,0,0,0,0,0,0,0,0,0,0,0,0,0,0,0,0,0,0,0,0,0,0,0,0,0,0,0,0,0}:
{0,97,0,0,0,0,0,0,0,0,0.034027,0.00662472,0.115163,0.201415,0.159053,0.170215,0.156952,0.158864,0.11645,0.100027,0.056461,0.059762,0.039368,0.0243359,0.0188518,0.0159263,0.0217311,0.0172958,0.0188257,0.00744659,0.00760688,0.00803261,0.00226921,0.00539595,0.00162887,0.00230089,0.00202356,0.00142905,0.0011501,0.00157502,0,0.00230854,0.003573,0.000489007,0.000988043,2.74189e-05,2.91439e-05,0.00253219,0.000544949,0.00212388,0,0.000601497,0,0,0.000710056,0,0,0,0,0,0,0,0,0.000782978,0,0,0,0,0,0,0,0,0,0,0,0,0,0,0,0,0,0,0.000201633,0,0.000101003,0,0,0,0,0,0,0,0,0,0,0,0,0,0,0}:
{0,97,0,0,0,0,0,0,0,0,0,0.0204465,0.0254853,0.0785391,0.143623,0.172805,0.162188,0.112887,0.110257,0.107421,0.0630591,0.0607086,0.0645314,0.0282751,0.0283061,0.0253479,0.0212894,0.018634,0.0146597,0.0112256,0.0066257,0.0164709,0.00927453,0.00660483,0.00194112,0.00399174,0.00235786,0.0021743,0.00150613,0.00720102,0.003471,0.00286232,0.000464105,0.00163785,0.00165465,0.000541511,0.00115684,0.00115593,0.00229698,0,0,0.000601497,0.00228063,0.000683756,0.000688131,3.6267e-05,0,0,0.00503132,0,0,0,0,0,0,0,0,0,0,0,4.2453e-05,0,0,0,0,0,0,0,0.00266498,0,0,0,0,0,0,0.000342255,0.000110221,0,0,0,0,0,8.65502e-07,0,0,0,0,0,0,0}:
{0,97,0,0,0,0,0,0,0,0,0,0,0.0124266,0.0595937,0.0904636,0.14214,0.18821,0.156825,0.158923,0.109402,0.102975,0.0867807,0.0963905,0.0617971,0.0520086,0.0381614,0.0299872,0.0301331,0.0178952,0.0069419,0.0135704,0.00524756,0.0109975,0.00746838,0.0118038,0.0085368,0.00204929,0.00546339,0.00343228,0.00248373,0.00269423,0.00331684,0.00203334,0.00163785,2.63484e-05,0.00223596,0.000546435,0.000577967,0.00269695,0,0,0.00201462,0.00291513,0,0,0.00067999,0,0,0,7.60921e-05,0.000735661,0,0.000750018,0.00343039,0,0,0.000798373,0,0,0,0,0,0,0.0025382,0,0,0,0.00261018,0,0,0,0,0,0,0,0,0,0,0,0,0,0,0,0,0,0,0,0,0,0}:
{0,97,0,0,0,0,0,0,0,0,0,0,0.00019788,0.0325186,0.0226565,0.0733863,0.10058,0.135678,0.127142,0.135982,0.11041,0.0800354,0.0814257,0.0580741,0.0656907,0.0342332,0.0443488,0.0299161,0.026587,0.0140132,0.0139536,0.0090462,0.0114857,0.0128758,0.00764236,0.00192721,0.00333742,0.00219161,0.00299774,0.00642659,0.013386,0.00289872,0.00360257,0,0.00219076,0,0.00237663,0.00257543,3.36544e-05,0.000634118,0,3.20806e-05,0.000705995,0.000705542,0,0.000716257,0.00074851,0.000745674,0.00083121,0,2.34399e-05,2.36497e-05,0,0,0,0,0,0,0,0,0,0,0,4.0418e-05,0,0,0,0,0,0,0.0016305,0,0.000102398,0,0.000101003,0,5.87857e-06,6.24352e-06,0,0,1.28901e-05,0,8.65502e-07,0,0,0,0,0,0,0}:
{0,97,0,0,0,0,0,0,0,0,0,0,0,0,8.3745e-05,0.0404259,0.0566751,0.0943407,0.0936558,0.144324,0.112094,0.0953108,0.10003,0.074157,0.0643003,0.0638466,0.0359267,0.0246977,0.0273786,0.0207809,0.0165205,0.0224571,0.0161638,0.00868877,0.00712088,0.00695555,0.00699303,0.00719971,0.00375225,0.00403944,0.00801885,0.00576104,0.00141707,0.00216852,0.00217502,0.0056797,0.000563846,6.16513e-05,0.00176886,0,0.00280664,6.41612e-05,0,0.00136751,0,0.00067999,0,0.00153112,0.00255572,3.80461e-05,2.34399e-05,2.36497e-05,6.38992e-05,2.49475e-05,0.00241582,0.00078912,0.000798373,0,6.90155e-05,4.68443e-05,0,0,0,0.000798239,0.000747071,0,0.000768108,0,4.24368e-05,0,0,0,0.000102398,3.12855e-06,0,3.25588e-06,0,0,0,0,0,0,0,0,0,0,0,0,0,0}:
{0,97,0,0,0,0,0,0,0,0,0,0,0,0,0,0.0126034,0.0255826,0.0735995,0.0918015,0.107038,0.129022,0.116584,0.0990154,0.0938838,0.0860169,0.0725223,0.0430333,0.0396055,0.0377276,0.029994,0.023605,0.0206283,0.0223601,0.0191046,0.0156922,0.0138173,0.0051587,0.00755892,0.00447507,0.00401235,0.00269423,0.00903704,0.0036225,0.00596439,0.00333564,0.00454314,9.31092e-05,0.00315339,0.000528122,0.0021577,0.00215357,0.00264819,0.00525287,0.000720223,0.00139819,0.00135998,0.00074851,6.35291e-05,0.000751092,0.000713347,0,4.72994e-05,0,2.49475e-05,0.000721284,0,0,0,4.32048e-05,2.7985e-05,0,0.00270727,0,0,0,0,0,0,0,0,2.59757e-05,0,3.16188e-06,0,0,0,0,0,0,6.55892e-06,0,0,5.17055e-07,2.74189e-05,0,0,0,0,0,0}:
{0,97,0,0,0,0,0,0,0,0,0,0,0,0,0,0,0.00347894,0.0155836,0.0536295,0.0872648,0.11303,0.130366,0.111128,0.0972124,0.0839854,0.07345,0.0596595,0.0485407,0.0395506,0.0400367,0.031668,0.0260507,0.0168171,0.00895686,0.0124667,0.0118089,0.0141849,0.00722399,0.0104627,0.00681958,0.00621195,0.0109183,0.00205809,0.00380637,0.00500603,0.00173825,0.00420683,0.0018508,0.00111258,0.00494951,0.000686828,0.00203378,0.000691603,0.00239953,0.00299291,0.00139625,0.000788431,0.000745674,0.000751092,0.000713347,0.000821777,0,4.00019e-05,0,0,0,0.000798373,0,4.32048e-05,0,0.000795976,0.000808301,0,0,2.38034e-05,0,0,2.48307e-05,0,4.04015e-05,0.000815249,3.81913e-05,0.000340828,0,0,5.45005e-06,0.000369166,0,0.000120382,6.55892e-06,6.44506e-06,0,0,0,0,0,0,0,0,0}:
{0,97,0,0,0,0,0,0,0,0,0,0,0,0,0,0.00420115,0.00339264,0.0148892,0.0150529,0.0616956,0.0853102,0.103674,0.111478,0.126891,0.115687,0.0852857,0.0856432,0.0784506,0.0688779,0.049719,0.0394561,0.0428121,0.0239697,0.0180988,0.0148124,0.0178153,0.0167451,0.0126458,0.00861128,0.010859,0.0115877,0.013817,0.00762489,0.00667131,0.00104587,0.00747279,0.0066126,0.00257543,0,0.000634118,0.00275272,0.00263528,0,0.00458026,0.00602253,0,7.98429e-05,0.000825214,0,0.000106233,0,0,0.000750018,4.17598e-05,0.00241582,0,0.000823811,0.000794133,0.000835881,0,4.2453e-05,0.000808301,0,0,0,2.34707e-05,0,0,0,0,0,0,0,8.36546e-06,0,0,5.87857e-06,0,0,0,0,6.80832e-06,1.62278e-05,2.74189e-05,0,0,0,0,0,0}:
{0,97,0,0,0,0,0,0,0,0,0,0,0,0,0,0,0,0.00558099,0.0144024,0.0183253,0.0497209,0.0679498,0.0817801,0.10152,0.111508,0.0989611,0.0930216,0.0782635,0.0724647,0.0573255,0.0501711,0.0374204,0.0424077,0.0334717,0.0210311,0.0221002,0.00905272,0.01294,0.0127556,0.00773581,0.0062418,0.00576104,0.00773869,0.00638057,0.00100378,0.00336278,0.00240577,0.00260625,0.0046503,0.00980416,0.000632906,0.00530264,0.000705995,0.00140398,0.00137626,0.00227752,0.00232537,0.00149135,0.000775023,0.00238924,3.92362e-05,0.00326787,2.38973e-05,2.49475e-05,0,4.20874e-05,0,0.000878843,0,4.68443e-05,2.53616e-05,0,3.93591e-05,0,0,0,0.00257265,0,0,0,0,0,0.000210088,5.2369e-06,0,3.25588e-06,0.000482899,0.000117063,0.000390749,6.55892e-06,0.000124692,0,0,1.65879e-06,2.08405e-06,0,0,0,0,0}:
{0,97,0,0,0,0,0,0,0,0,0,0,0,0,0,0,0,0.00276845,0.00460291,0.00775894,0.0362986,0.0629372,0.0571484,0.104716,0.106773,0.106068,0.0962967,0.0775186,0.0728477,0.0740392,0.0555446,0.0340186,0.0342725,0.0289193,0.0283697,0.0304069,0.0175127,0.0220994,0.0123211,0.00653847,0.0115664,0.0024361,0.00307053,0.0109667,0.0120251,0.0023346,0.00900664,0.00370054,0.00288693,0.00190236,0.00532468,0.000620662,0.00465412,0.00297388,0.00370297,5.79331e-05,0.00586623,0,0.00152612,0.00312532,0.00226966,0.000765895,0.000797813,0,0.00241582,0.00085635,0,0.00271043,2.58107e-05,0,0,2.57544e-05,0.000777324,6.4564e-05,0,0,0,0,0,0,0,0.00071607,0.000119307,0.00032887,0,0.000342255,0.000372678,0.000117063,6.22225e-06,0,0.000120842,0,8.65502e-07,0,0,0,0,0,0,0}:
{0,97,0,0,0,0,0,0,0,0,0,0,0,0,0,0,0,0,0.000687137,0.00909657,0.0163719,0.0231717,0.0455013,0.0767803,0.0766139,0.0966607,0.111396,0.0740705,0.0871758,0.0792991,0.06738,0.05107,0.0490714,0.0433408,0.0381348,0.0217677,0.0136814,0.0216441,0.0164942,0.0114364,0.0116725,0.0123311,0.0112622,0.00697899,0.0119567,0.00384946,0.00371868,0.00515686,0.00619516,0.00284584,0.00131973,0.00664535,0.00452552,0.00623951,7.34023e-05,0.00439709,0.00449106,0.00149135,0.000751092,0.00314063,2.34399e-05,0.000805483,0.00156394,0,0,0.00160338,0.00159675,4.23548e-05,0,2.7985e-05,0.000135629,0,0,2.41459e-05,0,0.000775916,0.000768108,2.48307e-05,0,0,2.59757e-05,0.00239836,0.000203764,1.36024e-05,0,0.000447697,0,3.72991e-06,0,0,0,0,0,0,0,0,0,0,0,0}:
{0,97,0,0,0,0,0,0,0,0,0,0,0,0,0,0,0,4.40846e-05,0,0.00316032,0.00404706,0.00985042,0.0236363,0.0471622,0.0600626,0.0909212,0.096272,0.107847,0.0788852,0.106367,0.071808,0.0752926,0.055713,0.0513274,0.0465491,0.0334211,0.0324565,0.0187765,0.0209469,0.0177094,0.0173835,0.0138262,0.0185902,0.00960535,0.00772776,0.00744537,0.00561852,0.00381143,0.00757673,0.00412067,0.00224783,0.0112005,0.00206784,0.00379593,0.00141296,0.00367377,0.00303396,0.000769433,0.00150218,0.00146474,0.00502987,0.0016269,0.00253596,2.49475e-05,0,0,0.000798373,4.23548e-05,0,0,4.2453e-05,0,0,4.0418e-05,0,0,2.44737e-05,0,0,0,0,7.63826e-05,1.16165e-05,0.000857249,5.38696e-06,3.25588e-06,5.87857e-06,1.2487e-05,0.000122887,0.000122977,6.44506e-06,0,1.62278e-05,0,0,0,0,0,0,0}:
{0,97,0,0,0,0,0,0,0,0,0,0,0,0,0,0,0,0,0,0,0.00352138,0.00567464,0.0140223,0.026547,0.0416294,0.0627981,0.079117,0.105648,0.0852849,0.0911635,0.101749,0.0852275,0.0619524,0.0499349,0.0498992,0.0484908,0.0386294,0.0363544,0.0270461,0.0231154,0.0171981,0.00915543,0.00815329,0.0217196,0.00917287,0.0176408,0.00459719,0.00943536,0.00291509,0.00135608,0.00133332,0.0027636,0.00358538,0.00373058,0.00606638,0.000716257,0.000788431,0,0.0026759,0.00248806,0.00251086,0.00497206,2.38973e-05,0.00428007,3.84694e-05,0.00078912,0.00267402,0.00345395,0,4.68443e-05,2.53616e-05,0.00273303,0,0,3.98447e-05,0.000760099,2.44737e-05,0,2.5352e-05,4.82722e-05,0,0.00243655,0,3.12855e-06,0,0.000102186,3.51189e-06,0,3.7172e-06,6.55892e-06,0,0,2.76511e-06,0,0,0,0,0,0,0}:
{0,97,0,0,0,0,0,0,0,0,0,0,0,0,0,0,0,0,0,0,0.00176069,0.00329697,0.00936322,0.0140224,0.0263781,0.0412944,0.0629268,0.0747063,0.0777382,0.0989597,0.102136,0.079031,0.0883921,0.0719948,0.0506867,0.0509725,0.0416075,0.0341357,0.0307659,0.0333861,0.0289626,0.0236094,0.0228447,0.00709889,0.00830596,0.00947562,0.0103078,0.0102276,0.00539108,0.00775451,0.00627995,0.00672867,0.00295784,0.00375236,0.00301484,0.00345788,0.0100519,0.00226078,0.0033708,0.000751393,0.000735661,0.000781833,2.38973e-05,6.67073e-05,6.14512e-05,0.00352452,4.25809e-05,0.00163062,4.32048e-05,0.00386692,2.53616e-05,0.00283661,2.35133e-05,4.0418e-05,0,0.00322732,0.00257265,0.000779311,0.00266498,0.000797913,6.94567e-05,0.00239836,0.000115114,0.000657741,0,0.000350961,1.5269e-05,0.000395815,6.22225e-06,0.000122977,7.70063e-06,0,0.000108705,0,0,0,0,0,0,0}:
{0,97,0,0,0,0,0,0,0,0,0,0,0,0,0,0,0,0,0,0,0,0,0.00465912,0.00585512,0.0168767,0.0335618,0.0399223,0.0489798,0.0809837,0.0796549,0.0704944,0.0785147,0.0752321,0.0671034,0.0699122,0.0600285,0.0545881,0.0567063,0.036117,0.0310192,0.0217504,0.0159031,0.0209799,0.0103068,0.0197368,0.0117705,0.00719954,0.00971734,0.0165492,0.00229957,0.00275272,0.00144672,0.00576743,0.00151338,0.000724832,0.000752524,0.00157686,0.000793192,0.000751092,0.00160161,0.00246398,0.000781833,0.00152393,0.000824738,3.84694e-05,0,0.00173278,0.00424809,2.58107e-05,0.00382007,0,0.00170282,0.000737965,0.000781967,3.98447e-05,7.85756e-05,0.000768108,2.48307e-05,4.24368e-05,4.04015e-05,0.000858729,0.00071607,0.000223835,0.000196379,8.60515e-06,0.000110892,0.000372678,6.24352e-06,0,0.000122977,0,0,5.59035e-05,8.71853e-05,0,0,0,0,0,0}:
{0,97,0,0,0,0,0,0,0,0,0,0,0,0,0,0,0,0,0,0,0,0,0.00564987,0.0025385,0.00604465,0.0161463,0.0217597,0.054709,0.0625007,0.0750872,0.0830206,0.0794365,0.0819651,0.0770041,0.0794833,0.0560693,0.062801,0.0430189,0.0438953,0.0358776,0.0230401,0.0305886,0.0197062,0.0210715,0.0130816,0.0180301,0.0149868,0.0155572,0.00877796,0.00507074,0.0204418,0.00805332,0.0117176,0.00318511,0.00141296,0.000108801,0.00163234,0.00475829,0.00163797,0.00383866,0.00467096,0.00481559,0.00156394,0.000108467,0.00462564,0.00422127,0.003583,4.23548e-05,0.000835881,0.00268178,0,0.00270727,0.00255808,0.00336058,0,0,0.00153622,0.00338949,0,0.00253716,8.69619e-05,0.000738885,0.000309323,0.000117029,0.000444683,3.25588e-06,0.000738332,9.97344e-06,0.000400688,0,1.28901e-05,1.08757e-05,5.17055e-07,0.000200401,0,0.000211281,0,0,0,0}:
{0,97,0,0,0,0,0,0,0,0,0,0,0,0,0,0,0,0,0,0,0,0,0,0.00634625,0.00228152,0.00568874,0.0103792,0.0337201,0.0371118,0.0579698,0.067895,0.0710275,0.0827043,0.0715973,0.0737667,0.0686094,0.0646252,0.0563038,0.052953,0.0438839,0.0342722,0.0326336,0.0242708,0.0324633,0.020431,0.0167002,0.0210177,0.0123037,0.0110186,0.0116203,0.0102783,0.00328177,0.00534572,0.00978017,0.00491224,0.0127909,0.0124011,0.00223702,0.00159011,0.00630399,0.00251086,0.00152408,0.000773916,0.000191987,0.000782735,0.00167061,0.000866392,2.53029e-05,0.000861692,0.000878311,0.00086379,0,0,0,0.000747071,0.00250651,0,0.00261018,0.000821024,0.000781647,2.59757e-05,0.000738885,0.000117176,2.40762e-05,0.000109608,0.000655325,0,1.2487e-05,3.7172e-06,6.55892e-06,0.000415037,0,3.48722e-05,0,0,0,0,0,0,0}:
{0,97,0,0,0,0,0,0,0,0,0,0,0,0,0,0,0,0,0,0,0,0,0,0,0.00113536,0.00637293,0.0106591,0.0130133,0.0332829,0.0345486,0.0598191,0.0702116,0.0859732,0.0996817,0.0753542,0.0812562,0.0767291,0.0684725,0.0580948,0.0533396,0.0487567,0.0348693,0.0192444,0.0260213,0.0211414,0.0164879,0.0182173,0.0162829,0.00624015,0.0116809,0.00565362,0.0105478,0.0166272,0.00905995,0.00688654,0.0102904,0.00767243,0.00823184,0.004809,0.000850214,0.00372518,0.000852782,0.00920403,0.00800079,0.0029236,0.000864549,0.00166477,0.00429044,0.000835881,2.7985e-05,0.00273381,0.00546606,0,0.000757821,2.38034e-05,0.00246722,6.54404e-05,4.15642e-05,0,0.000757511,0.00354579,0,0.000778762,0.000217327,0.000101003,0.000348767,0.00023571,1.37034e-05,0.000122887,0.00041581,0.000124692,4.06733e-06,8.92246e-05,1.38833e-06,0,0,0,0,0,0}:
{0,97,0,0,0,0,0,0,0,0,0,0,0,0,0,0,0,0,0,0,0,0,0,0,0.00113536,0.000317124,0.00732424,0.0127932,0.0220104,0.0238464,0.046502,0.0616335,0.0626389,0.0681271,0.0753895,0.0609974,0.0826369,0.0739012,0.058534,0.0427092,0.0549693,0.0463234,0.0436428,0.0365919,0.0186815,0.0210638,0.0137844,0.0191651,0.0207837,0.00826198,0.0103187,0.0123523,0.00726531,0.0170301,0.00149351,0.00351582,0.00813561,0.00237183,0.0033708,0.00318609,0.00715838,0.00483102,0.00156394,0.00575437,0.00321405,4.20874e-05,0.00354042,0.00174063,0.000810071,0.00175662,2.53616e-05,0.00596623,0.00149944,0.000781967,0.005052,0.000736629,0,0.000779311,0.000821024,0.00407632,2.59757e-05,0,0.000877997,0.000652685,0.000352286,0.000342255,9.39045e-06,0,0.000390749,0,7.70063e-06,4.06733e-06,3.40067e-05,2.686e-05,0,0,0,0,0,0}:
{0,97,0,0,0,0,0,0,0,0,0,0,0,0,0,0,0,0,0,0,0,0,0,0,0.00113536,0.00107226,0,0.00780197,0.00854652,0.0121714,0.0255456,0.0420186,0.0473297,0.081513,0.0761833,0.0847506,0.0899117,0.0585027,0.0640581,0.046383,0.054332,0.0475684,0.0442008,0.0252378,0.0430769,0.0245925,0.0272531,0.0178809,0.0221781,0.015342,0.0167859,0.0119656,0.0028523,0.00668393,0.00986468,0.00739086,0.0073871,0.00657366,0.00304443,0.0039528,0.00161247,0.00589631,0.00484992,4.17598e-05,0.00253123,0.00690639,0.00239512,0.00697557,6.90155e-05,0.0010371,0.000880882,0.00358444,0.000847864,0.000838657,0.000770875,0.000736629,0.00414984,4.15642e-05,0.00274985,6.45376e-05,0.000884705,0.000777077,0.000229128,0.000216239,0.000205224,0.00102044,1.17571e-05,0.000127037,0.000390749,0,1.02954e-05,2.17513e-05,3.24556e-05,0,0,0,0,0,0,0}:
{0,97,0,0,0,0,0,0,0,0,0,0,0,0,0,0,0,0,0,0,0,0,0,0,0,0,0.00100133,0.00197388,0.0032157,0.00779642,0.0173633,0.0283497,0.0469896,0.0500142,0.0583407,0.075056,0.0726943,0.0694515,0.0907782,0.0698994,0.0814797,0.045261,0.0451825,0.0437192,0.0273076,0.0406963,0.0221511,0.0223539,0.0169025,0.0187275,0.0195321,0.00793944,0.0141269,0.0120338,0.0082628,0.00729666,0.00792182,0.00411592,0.00802927,0.00875401,0.00473364,0.00622091,0.00238565,0.00542009,0.00471807,0.00507762,0.00280177,0.000794133,0.000810071,0.00175662,0.00168513,0.00354133,0.00249521,0.00410213,0.0025498,0.000854492,6.54404e-05,0.00263501,8.48737e-05,2.41361e-05,0.00090221,0.000799892,0.000422306,0.000530487,0.000791582,0.000128304,1.5269e-05,1.37034e-05,0.000116664,0.000534868,7.70063e-06,0.000427553,7.33452e-05,0,0,0,0,0,0,0}:
{0,97,0,0,0,0,0,0,0,0,0,0,0,0,0,0,0,0,0,0,0,0,0,0,0,1.69137e-05,0.00100133,0.00197388,0.0011789,0.00228288,0.0113626,0.0198579,0.0219897,0.0405842,0.0539347,0.0568088,0.0759651,0.0633898,0.0751462,0.0823696,0.0612273,0.0634399,0.0540497,0.0598724,0.0472396,0.0402467,0.028433,0.0287039,0.0280759,0.0310005,0.0162881,0.0241351,0.0145856,0.0169077,0.0112853,0.0117013,0.0040137,0.0098246,0.00811581,0.0112114,0.00550853,0.00411294,0.000901714,0.00423018,0.00234071,0.00773759,0.00321893,0.0111813,0.00354908,0.00105595,7.60849e-05,0.00273303,0.00247169,6.4564e-05,3.98447e-05,0.00320385,6.54404e-05,0,4.24368e-05,0.000781647,0.0008672,0.000738885,0.000629232,0.000112812,0.000215998,0.000312008,7.02377e-06,0.000509148,3.7172e-06,0,0,0,0.00010957,8.29395e-07,0,0,0,0,0,0}:
{0,97,0,0,0,0,0,0,0,0,0,0,0,0,0,0,0,0,0,0,0,0,0,0,0,0,0,0,0.000894547,0.00607846,0.00552134,0.0114931,0.0130019,0.0344061,0.039346,0.0653746,0.0615706,0.0748066,0.0850932,0.0617334,0.0717137,0.0683961,0.0560101,0.0546379,0.0594533,0.0383373,0.0366792,0.0370988,0.051134,0.0228208,0.0192636,0.0110929,0.0194692,0.0134089,0.0173078,0.011926,0.00886994,0.00994391,0.00310842,0.0110217,0.00328575,0.00084507,0.000837815,0.00589592,0.00326001,0.00436393,0.000866392,0.000844739,0.0033093,0.00370975,0.00183785,0.00249377,0.0047091,0.00227346,0.00254204,0.00400323,4.09667e-05,0.000845706,0.00159134,0.000846185,0,0.00394507,0.000758873,0.000539872,0.000109608,0.000687767,0,7.45983e-06,0,0.000126895,3.85031e-06,1.7684e-05,7.14456e-05,2.74189e-05,1.24502e-06,0,0,0,0,0}:
{0,97,0,0,0,0,0,0,0,0,0,0,0,0,0,0,0,0,0,0,0,0,0,0,0,0,0,0,0,0,0.00210295,0.00749615,0.0112265,0.0157926,0.036285,0.0438063,0.0457287,0.0664845,0.0544228,0.0822493,0.0668125,0.0699687,0.0605695,0.0555898,0.0624699,0.0601961,0.0455053,0.0380772,0.0457645,0.0320384,0.0236465,0.0410394,0.0182782,0.00815374,0.0137145,0.0163868,0.0145926,0.0119122,0.0149512,0.00305103,0.0114449,0.00660668,0.00336598,0.0035638,0.00953423,0.00522902,0.00248858,0.00445106,0.00164595,0.0038949,0.00435112,0.00282765,6.28723e-05,0.00258649,0.00250219,0.0015202,2.44737e-05,0.00236276,0.00357087,8.08031e-05,0,0.00239836,0.00194608,0.00083757,0.000349067,0.000549883,0.000136025,0.000123307,0.000394466,0.000122977,1.02954e-05,4.06733e-06,5.93655e-05,0,0,0,0,0,0,0}:
{0,97,0,0,0,0,0,0,0,0,0,0,0,0,0,0,0,0,0,0,0,0,0,0,0,0,0,0,0.000264565,0,0.000546314,0.00282365,0.00576496,0.00892529,0.0182563,0.0267006,0.0342996,0.0552236,0.0604671,0.065154,0.0767754,0.0723755,0.0827585,0.0830794,0.0705586,0.053033,0.0479397,0.0242181,0.0316384,0.0245338,0.0244008,0.0308892,0.0360031,0.0298437,0.016599,0.00901178,0.0102773,0.0152034,0.00847392,0.00753485,0.0081213,0.00313504,0.00425991,0.0104083,0.0112977,0.00243459,0.00253116,0.00257712,0.000810071,0.00367203,0.00481831,0.000877166,0.00014159,4.0418e-05,0.00405998,0.00648627,0.00492592,0.00263501,0.00616806,0.00329467,0.000841224,0,0.00254516,0.000540121,1.18233e-05,0.000356411,0.000233343,0.000117063,0.000126604,3.91833e-06,1.02954e-05,0.000138529,5.19655e-05,8.29395e-07,0,0.000211281,0,0,0,0}:
{0,97,0,0,0,0,0,0,0,0,0,0,0,0,0,0,0,0,0,0,0,0,0,0,0,0,0,0,0,0,0.000273157,0.00214526,0.00260524,0.00688146,0.0151062,0.0208516,0.0261958,0.0374206,0.046009,0.0643343,0.0771393,0.071497,0.0710521,0.0683416,0.0677159,0.0681626,0.0653966,0.0697003,0.0397017,0.0532865,0.037567,0.0375998,0.0252758,0.0278582,0.0213608,0.0219204,0.0175389,0.0184165,0.0139319,0.0103403,0.00700329,0.0090077,0.00898202,0.00243245,0.00543935,0.00247668,0.00947595,0.00358927,0.00553862,0.00652983,0.00171931,0.00447896,6.28723e-05,0.00236217,8.74516e-05,0.00503648,6.54404e-05,0.000904004,0.00425632,8.08031e-05,0.000841224,0.00389895,3.38183e-05,0.00131151,4.19763e-05,0.000118465,0.000116099,0.000135713,1.36567e-05,1.1755e-05,0,0,1.70933e-05,8.29395e-07,0,0,0,0,0,0}:
{0,97,0,0,0,0,0,0,0,0,0,0,0,0,0,0,0,0,0,0,0,0,0,0,0,0,0,0.000986941,0,0,0,0.000933303,0.00260524,0.000897902,0.00899748,0.00982879,0.0145538,0.0274355,0.038019,0.0530017,0.0486574,0.0571751,0.0765347,0.0566759,0.0754383,0.0643035,0.0579471,0.0650029,0.0352328,0.0327542,0.0427767,0.0366806,0.0292466,0.0322467,0.0129121,0.0230901,0.0158815,0.00879656,0.0175954,0.0183755,0.0145675,0.00795064,0.00732388,0.00354029,0.00951874,0.00544566,0.00257374,0.00695852,0.00256824,0.00095314,0.00569037,0.000946031,0.00086371,0.000822385,0.00153399,0.00320385,0.00156069,0.00524519,4.24368e-05,0.00335921,0.0025152,0.00456939,0.000767328,0.000332247,0.00023104,0.00110847,0.00048641,0,0.000250703,0,0.000404741,0.00013172,2.0027e-05,8.71853e-05,3.32907e-06,0,0,0,0,0}:
{0,97,0,0,0,0,0,0,0,0,0,0,0,0,0,0,0,0,0,0,0,0,0,0,0,0,0,0,0,0,0,0,0.00260524,0.00271933,0.00445605,0.00495026,0.0125882,0.0177544,0.0345649,0.0405852,0.0454426,0.0574928,0.0591533,0.0649241,0.0670277,0.0528958,0.0590518,0.0882789,0.0690521,0.0537205,0.0337382,0.0396128,0.0412437,0.0180575,0.0261467,0.0264156,0.015231,0.0238491,0.0143404,0.0125472,0.0103283,0.0104603,0.0118839,0.0094684,0.00875899,0.00691658,0.00511172,0.00446811,0.00529884,0.00304458,0.00525736,0.000834055,0.00156998,0.00307957,0.00154175,0.0015202,0.00239424,0.000845706,0.000922983,0.000757511,0.000815249,0.00224741,0.0011939,0.00033218,0.000652077,0.000458597,0.000489922,3.24339e-05,0.000124099,6.55892e-06,0.000525583,4.06733e-06,9.16412e-05,0,0.000130875,0,0,0,0,0}:
{0,97,0,0,0,0,0,0,0,0,0,0,0,0,0,0,0,0,0,0,0,0,0,0,0,0,0,0,0,0,0,0,0.000868414,0.000268083,0.000981348,0.00203682,0.00369098,0.0166153,0.0182337,0.0289306,0.0238722,0.0446458,0.0588071,0.0510073,0.0660503,0.0679385,0.0622725,0.0641861,0.0596052,0.0489941,0.0449879,0.0382158,0.0376666,0.0404503,0.0304757,0.0182396,0.0286105,0.027297,0.0250999,0.0209453,0.0160019,0.0126773,0.0174277,0.0150557,0.00795509,0.00949238,0.0156478,0.00282869,0.00757363,0.00748298,0.00195639,0.000997539,0.00499042,0.00353013,0.000810719,0.00480262,0.00266257,0.00735244,0.00170984,0.00086245,0.0016305,0.00533902,0.0015062,0.00085124,0.000459725,0.000125048,0.000123123,0.000127037,0.000122887,0.000549264,0.000663166,2.17513e-05,9.16412e-05,2.60306e-05,3.9075e-05,0,0,0,0,0}:
{0,97,0,0,0,0,0,0,0,0,0,0,0,0,0,0,0,0,0,0,0,0,0,0,0,0,0,0,0,0,0,0,0,0.000897902,0.000990537,1.57655e-05,0.00599088,0.00969859,0.0107041,0.0201159,0.0246363,0.0497861,0.0549572,0.0557097,0.0548589,0.0844899,0.0700871,0.06361,0.0558702,0.072809,0.0470551,0.0453358,0.0466248,0.0442046,0.0324643,0.0219292,0.0216523,0.0274623,0.0235259,0.0207053,0.0288689,0.0140847,0.00651775,0.0145651,0.0101649,0.00639439,0.0102915,0.00751758,0.012328,0.00183145,0.00418332,0.000928675,0.00666263,0.00156393,0.0050758,0.00549996,0.000768108,0.00360541,0.00858043,0.00391663,5.19515e-05,0.00150852,0.00152176,0.00110382,0.000562897,0.000460721,0.000239222,0.000124523,0.000637734,3.14317e-05,1.28901e-05,0.000255306,5.14484e-05,2.60306e-05,0,0,0,0,0,0}:
{0,97,0,0,0,0,0,0,0,0,0,0,0,0,0,0,0,0,0,0,0,0,0,0,0,0,0,0,0,0,0,0.000933303,0.000868414,0,0,0.00128565,0.00435882,0.00577764,0.00268502,0.0104243,0.00934777,0.0216233,0.0303325,0.0397915,0.0576669,0.0599943,0.0569698,0.0397737,0.0679158,0.0617854,0.0536945,0.0801966,0.0559264,0.0645252,0.0403032,0.0358611,0.0270912,0.0232383,0.0221756,0.0139905,0.0223044,0.0148365,0.014964,0.00702979,0.0133405,0.00988611,0.0113536,0.000878843,0.00878937,0.00655782,0.0079829,0.00531302,0.00632662,8.87099e-05,0.00557793,0.00577311,0.0024352,0.00440955,0.00440898,0.000797913,0.00630231,0.00551279,0.00118015,0.00187784,0.00012465,0.000221784,0.000507558,0.000117063,0.000124099,6.55892e-06,1.02954e-05,0.000139855,7.33452e-05,8.85736e-05,1.24502e-06,2.00992e-06,0,0,0,0}:
{0,97,0,0,0,0,0,0,0,0,0,0,0,0,0,0,0,0,0,0,0,0,0,0,0,0,0,0,0,0,0,0,0,0,0,0.000295596,0.00132349,0.00141173,0.00119692,0.00720102,0.0142009,0.0142543,0.0285551,0.0342745,0.0388982,0.0444267,0.071989,0.060242,0.0657442,0.0794126,0.0586275,0.0548873,0.0770486,0.0436075,0.0523042,0.0260453,0.0391454,0.0299404,0.0297989,0.0376754,0.0254294,0.0156853,0.00924541,0.0164208,0.0163932,0.00330788,0.00964627,0.00959504,0.01001,0.00893277,0.0113511,0.00615547,0.00335125,0.00669702,0.00270918,0.000807041,0.00678793,0.00155862,0.00434946,0.00422953,0.000884705,0.00227766,0.00359986,0.00228266,0.000986288,0.000234807,0.000453785,0,7.4344e-06,0.000151768,0.000245535,4.06733e-06,7.61103e-05,8.8844e-05,0,0,0,0,0,0}:
{0,97,0,0,0,0,0,0,0,0,0,0,0,0,0,0,0,0,0,0,0,0,0,0,0,0,0,0,0,0,0,0,0,0,0,0,0.00101178,0.00108715,0.00488432,0.00527917,0.00717068,0.00921462,0.022935,0.0390471,0.0277239,0.0402264,0.0526977,0.0669966,0.0509636,0.0504118,0.0628071,0.0435449,0.0584244,0.0636342,0.0575324,0.0487316,0.0548698,0.0315182,0.0351905,0.0326533,0.0288387,0.0307697,0.0297222,0.0108861,0.0132424,0.0102815,0.00925622,0.0128645,0.0178924,0.00862289,0.0034298,0.00954227,0.00871193,0.00581146,0.00399634,0.00227264,0.000980922,0.00695333,0.00710758,0.00491463,0.00716104,0.00149315,0.00227018,0.00205089,0.000892585,0.00022504,0.000234489,0.00013328,1.61617e-05,0.000430205,0.000120842,0.000555207,0.000114752,5.28906e-05,1.24502e-06,0,0,0,0,0}:
{0,97,0,0,0,0,0,0,0,0,0,0,0,0,0,0,0,0,0,0,0,0,0,0,0,0,0,0,0,0,0,0,0,0,0,0,0,0,0.00117164,0.00609532,0.00482019,0.0128176,0.0107781,0.0145917,0.037037,0.0322338,0.0329385,0.0358156,0.0443448,0.0617046,0.0796771,0.0492024,0.0355378,0.0614618,0.047439,0.0526446,0.0407515,0.0390081,0.0324025,0.0198999,0.0365078,0.0287191,0.0194416,0.00953655,0.0164621,0.00781502,0.0142085,0.00447636,0.00878096,0.00999318,0.00784046,0.00174593,0.00379206,0.00648058,0.00323511,0.00170082,0.000997415,0.00364697,0.00884131,0.00267411,0.0145374,0.00876461,0.00203826,0.0017003,0.000249299,0.000322837,0.00122825,7.45983e-06,9.93945e-06,0.000136095,1.67404e-05,0.00013172,0.000128732,2.60306e-05,0.00013212,0.000211281,0,0,0,0}:
{0,97,0,0,0,0,0,0,0,0,0,0,0,0,0,0,0,0,0,0,0,0,0,0,0,0,0,0,0,0,0,0,0,0,0,0,0,1.73116e-05,0.00147007,0,0.00403071,0.00341718,0.00416055,0.0127725,0.00727708,0.0277823,0.0351053,0.0388447,0.0627883,0.0555393,0.0625702,0.0543291,0.0500026,0.0414533,0.0718417,0.0544891,0.0490912,0.0377177,0.0480506,0.0366827,0.0364681,0.0355948,0.0335154,0.0232087,0.0184659,0.0280032,0.0136547,0.00954389,0.00797089,0.0117595,0.0111238,0.0207241,0.00989631,0.00830137,0.00380677,0.00729331,0.0142865,0.00563763,0.00514513,0.00320739,0.00276705,0.00607791,0.00324863,0.00171493,0.00156614,0.00105069,0.000249834,0.000416978,6.22225e-06,1.70362e-05,2.05908e-05,6.80832e-06,4.14366e-05,2.77666e-06,2.08405e-06,0,0,0,0,0}:
{0,97,0,0,0,0,0,0,0,0,0,0,0,0,0,0,0,0,0,0,0,0,0,0,0,0,0,0,0,0,0,0,0,0,0,0,0,0,0.000337999,0.00121289,2.12819e-05,0.000854592,0.0052017,0.0122839,0.0110013,0.0176147,0.0382794,0.0377508,0.037426,0.0626208,0.0568509,0.0593242,0.0488946,0.0470071,0.0427873,0.062752,0.0499983,0.0445601,0.038889,0.03439,0.0423416,0.0224766,0.0233015,0.0270124,0.0187414,0.012926,0.0151346,0.00729881,0.0114678,0.00881026,0.00617188,0.0177692,0.0107125,0.00924501,0.0041552,0.0024298,0.0041023,0.00396295,0.00437481,0.00491463,0.00641525,0.00401352,0.00397031,0.00229103,0.00245959,0.000655325,0.000622436,0.000404572,0.00051113,0.000419728,0.000408592,0,0.000108397,0.000113216,0,0,0,0,0,0}:
{0,97,0,0,0,0,0,0,0,0,0,0,0,0,0,0,0,0,0,0,0,0,0,0,0,0,0,0,0,0,0,0,0,0,0,0,0,0,0,0,0.00135776,0.00185846,0.00362733,0.00711323,0.00985008,0.0119885,0.0195257,0.0241923,0.0276997,0.0300734,0.0575763,0.0654949,0.0457278,0.0547451,0.0506683,0.0414084,0.0646597,0.068272,0.0395917,0.0417145,0.0380806,0.0307556,0.0327855,0.0274644,0.0289739,0.018303,0.0270014,0.010323,0.0163866,0.0131813,0.0174475,0.0142877,0.00922071,0.0126199,0.00862002,0.00627588,0.00176552,0.00624851,0.00436655,0.00345575,0.00382362,0.00494155,0.00301528,0.00196733,0.00071658,0.00136383,0.000606021,0.00013701,0.000643956,0.000791299,6.44506e-06,0.00081458,0.000210388,0,3.9075e-05,0,0,0,0,0}:
{0,97,0,0,0,0,0,0,0,0,0,0,0,0,0,0,0,0,0,0,0,0,0,0,0,0,0,0,0,0,0,0,0,0,0,0,0,0,0,0,0,0.00429348,0.0015792,0.00590715,0.00197609,0.00345038,0.0218016,0.0241358,0.0296535,0.0339056,0.0413034,0.0454807,0.0467835,0.0433973,0.0426329,0.058166,0.0407212,0.0600522,0.0441446,0.0381942,0.0344118,0.0466459,0.0370778,0.0221032,0.0415658,0.0238215,0.0205053,0.0236809,0.020946,0.0301684,0.0147815,0.0185427,0.0143711,0.0114943,0.00781914,0.00532886,0.00767894,0.00175781,0.0123697,0.00564801,0.007248,0.000853459,0.00204753,0.00270052,0.00158118,0.000532659,0.000608388,0.000656132,0.000643956,0.000426287,0.000134988,1.08757e-05,2.15782e-05,8.85736e-05,0,0,0,0,0,0}:
{0,97,0,0,0,0,0,0,0,0,0,0,0,0,0,0,0,0,0,0,0,0,0,0,0,0,0,0,0,0,0,0,0,0,0,0,0,0,0,0,0,0.000427296,0.000503646,0.00166393,0.00168099,0.00676806,0.0119645,0.0192994,0.01071,0.0233622,0.034335,0.0461748,0.0575855,0.0621896,0.0642101,0.0714775,0.0448386,0.071831,0.0573874,0.0553144,0.0504747,0.031673,0.0222814,0.0383959,0.0217029,0.0297371,0.0207453,0.0280137,0.0211258,0.0217464,0.0187443,0.00999857,0.0138064,0.0132747,0.00964757,0.00654273,0.0061851,0.00280936,0.00627829,0.00563174,0.00622588,0.0102196,0.00361695,0.00298142,0.000915438,0.000791273,0.000738535,0.000525365,0.000533514,0.000126895,0.000120842,0.00013172,0.000101683,2.60306e-05,7.815e-05,0,0,0,0,0}:
{0,97,0,0,0,0,0,0,0,0,0,0,0,0,0,0,0,0,0,0,0,0,0,0,0,0,0,0,0,0,0,0,0,0,0,0,0,0,0,0,0,0.00143116,0.00155445,2.6081e-05,0.00382966,0.00400163,0.0046498,0.00571641,0.0139282,0.0190434,0.0315415,0.0247811,0.0513061,0.0387235,0.0508121,0.0612499,0.055123,0.0565916,0.0658742,0.0545514,0.0523727,0.0586452,0.0416977,0.0299813,0.0281435,0.0460475,0.0366623,0.0261589,0.0202145,0.0239249,0.02252,0.0129578,0.0120035,0.0124439,0.0113867,0.014141,0.00998273,0.00529682,0.00267526,0.00666367,0.0131961,0.00564224,0.00456598,0.00273915,0.00140856,0.00135857,0.000383493,0.000779439,0.000606918,0.000245954,0.000532028,0.000267508,0.000220384,7.97506e-05,4.24041e-05,0,0,0,0,0}:
{0,97,0,0,0,0,0,0,0,0,0,0,0,0,0,0,0,0,0,0,0,0,0,0,0,0,0,0,0,0,0,0,0,0,0,0,0,0,0,0,0.00133648,0.000427296,0,0,0.00052037,0.00223596,0.00116857,0.00117435,0.0129283,0.00915144,0.022561,0.0171703,0.021812,0.0410771,0.0569197,0.0409545,0.0440533,0.0504974,0.0612112,0.0559702,0.0333467,0.0628379,0.0409993,0.0289492,0.0316134,0.0256,0.0224958,0.0229224,0.0260706,0.0268094,0.0222288,0.0313675,0.0218269,0.015942,0.0180908,0.0124516,0.00417572,0.00900229,0.00718565,0.00911216,0.00777845,0.00488054,0.00274972,0.00160121,0.00166071,0.00258619,0.000403216,0.000760708,0.000116664,0.000561104,0.000794303,0.000438429,7.95611e-05,0.000114045,3.9075e-05,0,0,0,0,0}:
{0,97,0,0,0,0,0,0,0,0,0,0,0,0,0,0,0,0,0,0,0,0,0,0,0,0,0,0,0,0,0,0,0,0,0,0,0,0,0,0,0,0,2.47529e-05,0.00163785,0.00165465,0,0.00371868,0.00267391,0.010575,0.0132235,0.0165648,0.0155777,0.0230327,0.0353225,0.0431769,0.0505857,0.0483002,0.0496913,0.049881,0.0476268,0.0577037,0.049648,0.0645718,0.0558646,0.0444757,0.033028,0.0333108,0.0320438,0.0343065,0.0275683,0.0222636,0.0229612,0.0211125,0.0257729,0.0245655,0.0180104,0.0125064,0.0118532,0.010341,0.00991007,0.00868066,0.0047906,0.00572361,0.00201906,0.00158552,0.000880365,0.000516948,0.000759492,0.000404405,1.56733e-05,1.7996e-05,0.000865983,9.33722e-05,3.07365e-05,0,0,0,0,0,0}:
{0,97,0,0,0,0,0,0,0,0,0,0,0,0,0,0,0,0,0,0,0,0,0,0,0,0,0,0,0,0,0,0,0,0,0,0,0,0,0,0,0,0,0.00155445,2.6081e-05,0,0.00172187,0,0.00118676,0.00233064,0.00603664,0.00347331,0.016439,0.0317964,0.0214822,0.040171,0.0357177,0.0468329,0.0446116,0.0663745,0.0489287,0.0550391,0.0513494,0.0458591,0.053318,0.0408252,0.0665243,0.0424653,0.0265821,0.0351519,0.0233544,0.0284377,0.0182255,0.0145833,0.0110593,0.0186561,0.0129346,0.00421669,0.0109076,0.0121781,0.0107883,0.00710212,0.00328952,0.0058801,0.00354754,0.00149851,0.000670801,0.00183901,0.000633968,0.000130321,0.000249872,3.85031e-06,1.08757e-05,0.000180349,2.686e-05,0,0,0,0,0,0}:
{0,97,0,0,0,0,0,0,0,0,0,0,0,0,0,0,0,0,0,0,0,0,0,0,0,0,0,0,0,0,0,0,0,0,0,0,0,0,0,0,0,0,0,0,0,0,0,0.000577967,0.000618111,0.00279182,0.00619227,0.00866774,0.0108289,0.0210845,0.0253231,0.0291519,0.041303,0.0408818,0.0393842,0.0614126,0.0491525,0.0464269,0.0525428,0.0628553,0.0621439,0.0369042,0.0337974,0.0389381,0.0459058,0.0241792,0.0282,0.0194462,0.0182889,0.0166836,0.0158272,0.0172345,0.0117727,0.0210284,0.0157661,0.00769368,0.00804781,0.0142638,0.00640123,0.00331047,0.00198491,0.000745737,0.0006119,0.000193121,0.000136543,0.000141291,0.000947065,0.000438429,0.0001096,0.000204007,0,0,0,0,0,0}:
{0,97,0,0,0,0,0,0,0,0,0,0,0,0,0,0,0,0,0,0,0,0,0,0,0,0,0,0,0,0,0,0,0,0,0,0,0,0,0,0,0,0,0,0,0,0,0,0,0.00285327,0.00488187,0.00709362,0.00475239,0.00739221,0.0157661,0.0204694,0.0222889,0.0278716,0.0298613,0.0427948,0.0490914,0.0614953,0.0385012,0.0514913,0.0528473,0.0343085,0.0534363,0.0430334,0.0404908,0.0336028,0.0461479,0.0334976,0.0265729,0.0190288,0.0169985,0.0205147,0.0265354,0.0110701,0.0187736,0.00885985,0.00513238,0.00684046,0.0149855,0.00774268,0.00320779,0.00172661,0.00190739,0.000727133,0.00123107,0.000527292,0.000380686,0.000677312,0.000157539,0.000236084,7.75303e-06,3.9075e-05,0,0,0,0,0}:
{0,97,0,0,0,0,0,0,0,0,0,0,0,0,0,0,0,0,0,0,0,0,0,0,0,0,0,0,0,0,0,0,0,0,0,0,0,0,0,0,0,0,0,0,0,0,0,3.08256e-05,1.68272e-05,0.0021577,0.000700418,0.00332635,0.00507583,0.00957067,0.00716729,0.0297723,0.0369433,0.0334608,0.0324176,0.0369658,0.0506922,0.05031,0.0766602,0.0426478,0.0734408,0.0541764,0.059887,0.0430364,0.0339911,0.0524041,0.0276665,0.0312682,0.0350605,0.0234856,0.0223353,0.0262584,0.0185607,0.0251691,0.0149109,0.00565727,0.0100585,0.0158697,0.00652287,0.00282711,0.00207351,0.000587089,0.0018542,0.000421004,0.000524787,0.000542705,0.000249385,0.000268923,9.47548e-05,5.70556e-05,0,0,0,0,0,0}:
{0,97,0,0,0,0,0,0,0,0,0,0,0,0,0,0,0,0,0,0,0,0,0,0,0,0,0,0,0,0,0,0,0,0,0,0,0,0,0,0,0,0,0,0,0,0,0,0,2.81672e-05,0.000654323,0.000632906,0.00470114,0.00372094,0.00322158,0.0141166,0.0183905,0.020826,0.0275909,0.0283543,0.0529215,0.0471862,0.0478406,0.0652558,0.0425127,0.0484292,0.0414549,0.0424901,0.0540776,0.0497275,0.0374049,0.0280739,0.0305045,0.0230684,0.0185887,0.0310989,0.0146608,0.0224727,0.0311693,0.0237274,0.0107804,0.0112388,0.0136008,0.00735271,0.00569898,0.00249543,0.0016463,0.000974245,0.00129856,0.00041464,0.000260349,0.00025198,0.000422395,0.000213362,5.28906e-05,4.032e-05,0,0,0,0,0}:
{0,97,0,0,0,0,0,0,0,0,0,0,0,0,0,0,0,0,0,0,0,0,0,0,0,0,0,0,0,0,0,0,0,0,0,0,0,0,0,0,0,0,0,0.000489007,0,0,0,0,0,0,2.01659e-05,0.000633577,0.00456126,0.00369411,0.00883368,0.0184847,0.0211435,0.0194386,0.026233,0.0282563,0.027444,0.0484977,0.0555756,0.0576811,0.0502938,0.05649,0.0481457,0.0500763,0.0463623,0.0411615,0.0417415,0.0469874,0.0180151,0.0312214,0.0325615,0.0330117,0.0224159,0.0317012,0.0179387,0.0249506,0.0141167,0.0214282,0.00657704,0.00448654,0.00171444,0.00136076,0.00203736,0.000734814,0.00077056,2.22322e-05,0.000819778,0.000865983,0.000265257,2.90777e-05,0.000130875,0,0,0,0,0}:
{0,97,0,0,0,0,0,0,0,0,0,0,0,0,0,0,0,0,0,0,0,0,0,0,0,0,0,0,0,0,0,0,0,0,0,0,0,0,0,0,0,0,0,0,0,0,0,0,0,0,0.00211982,0.000601497,0.00201074,0.00376704,0.00743549,0.00445502,0.0096487,0.0130377,0.0214485,0.0197635,0.0229495,0.0316884,0.0486976,0.0561487,0.0629097,0.0693501,0.0442852,0.057477,0.0584806,0.0260104,0.0314857,0.0368281,0.043545,0.0370731,0.0385413,0.0217,0.0318602,0.0318697,0.0183647,0.0297928,0.0118609,0.0258084,0.0103751,0.00442789,0.00264508,0.00168554,0.000934595,0.000799386,0.000261935,0.000562381,0.000529434,0.00044117,0.000183294,6.65318e-06,4.24041e-05,6.30814e-05,0,0,0,0}:
{0,97,0,0,0,0,0,0,0,0,0,0,0,0,0,0,0,0,0,0,0,0,0,0,0,0,0,0,0,0,0,0,0,0,0,0,0,0,0,0,0,0,0,0,0,0,0,0,0,0,0,3.20806e-05,5.7103e-05,0.00136751,0.00279637,0.00762134,0.00900388,0.0119602,0.0122313,0.0214761,0.0181926,0.0221004,0.0305872,0.0552998,0.0578324,0.0410936,0.0410211,0.0526357,0.0449988,0.0528629,0.0492175,0.0374278,0.0442368,0.0334336,0.0214301,0.0319864,0.0425522,0.0297988,0.021098,0.0317479,0.024006,0.0118509,0.0130926,0.00411987,0.00297897,0.00168141,0.00215315,0.000673565,0.000545878,0.000270827,2.70358e-05,1.4943e-05,0.000305154,3.35132e-05,0,0,0,0,0,0}:
{0,97,0,0,0,0,0,0,0,0,0,0,0,0,0,0,0,0,0,0,0,0,0,0,0,0,0,0,0,0,0,0,0,0,0,0,0,0,0,0,0,0,0,0,0,0,0,0,0,0,0,0,0,3.64678e-05,0.00598583,0.000152133,0.00811176,0.011348,0.0150797,0.0141256,0.0114166,0.0164194,0.024203,0.0462748,0.0319236,0.0463769,0.0458711,0.045723,0.0609791,0.0606174,0.0584289,0.0486277,0.0446668,0.0547816,0.0504447,0.0220187,0.0374622,0.0404599,0.0237542,0.0202459,0.0137082,0.0300493,0.0143418,0.00727348,0.00311656,0.00319737,0.00233832,0.00119017,0.0010322,0.000682718,0.000690202,0.000965311,0.000238163,3.01956e-05,0,0,0,0,0,0}:
{0,97,0,0,0,0,0,0,0,0,0,0,0,0,0,0,0,0,0,0,0,0,0,0,0,0,0,0,0,0,0,0,0,0,0,0,0,0,0,0,0,0,0,0,0,0,0,0,0,0,0,0.000601497,3.57474e-05,5.82539e-05,3.67012e-05,0.000752524,2.38493e-05,0.00261683,0.0041297,0.0172435,0.0135672,0.0270034,0.0227979,0.0508357,0.0295966,0.0412789,0.0679654,0.0591714,0.0599225,0.0513076,0.0548182,0.0453398,0.0389154,0.0496145,0.0511076,0.0548705,0.029135,0.0402897,0.0204135,0.0204793,0.0167624,0.0180346,0.0141138,0.00708631,0.00380912,0.00261802,0.00111824,0.00128105,0.000784217,0.000140013,0.000954766,0.000135788,0.00023696,2.686e-05,4.032e-05,0,0,0,0,0}:
{0,97,0,0,0,0,0,0,0,0,0,0,0,0,0,0,0,0,0,0,0,0,0,0,0,0,0,0,0,0,0,0,0,0,0,0,0,0,0,0,0,0,0,0,0,0,0,0,0,0,0,0,0,3.64678e-05,0.00299291,0.00295751,0.00330322,0.000809203,0.000886877,0.00374165,0.0110013,0.0331765,0.018716,0.0240065,0.0315274,0.0440083,0.044119,0.0295296,0.0335347,0.0395592,0.0680646,0.0562662,0.042609,0.0373519,0.0288585,0.0407094,0.0412162,0.0376628,0.0294916,0.0292702,0.0234475,0.0339728,0.0173958,0.0071048,0.00391873,0.00279427,0.00180078,0.000757194,0.00207935,2.22322e-05,0.000657976,0.00113897,0.000237994,3.87652e-06,0,0,0,0,0,0}:
{0,97,0,0,0,0,0,0,0,0,0,0,0,0,0,0,0,0,0,0,0,0,0,0,0,0,0,0,0,0,0,0,0,0,0,0,0,0,0,0,0,0,0,0,0,0,0,0,0,0,0,0,0,0,0,0,0.00325552,0.00252127,0.00408184,0.00939126,0.0102814,0.0118816,0.0208914,0.0188451,0.0195334,0.0337612,0.0331519,0.0361237,0.0586258,0.0434639,0.0711685,0.047672,0.0500814,0.0599488,0.0474894,0.0394637,0.0577641,0.0310808,0.0421434,0.0361084,0.0358777,0.0396096,0.0203979,0.00776141,0.00410371,0.00282444,0.00278982,0.00194099,0.00129163,0.000512862,0.000429182,0.00016028,0.00032705,7.94801e-05,1.24502e-06,0,0,0,0,0}:
{0,97,0,0,0,0,0,0,0,0,0,0,0,0,0,0,0,0,0,0,0,0,0,0,0,0,0,0,0,0,0,0,0,0,0,0,0,0,0,0,0,0,0,0,0,0,0,0,0,0,0,0,0,0,3.67012e-05,0.00299377,2.38493e-05,0.00473454,0.00908923,0.00876933,0.0190833,0.0371712,0.0238771,0.0416283,0.0645536,0.0870086,0.125072,0.198178,0.170748,0.227071,0.229846,0.2538,0.334226,0.336662,0.33941,0.340614,0.363919,0.31971,0.347886,0.330598,0.322975,0.247484,0.219954,0.110231,0.0479221,0.0303569,0.0196801,0.0148757,0.00877314,0.00368092,0.00690147,0.00540059,0.00202272,0.000707296,0.000309135,0.000128173,0.000375189,0,0,0}:
{0,97,0,0,0,0,0,0,0,0,0,0,0,0,0,0,0,0,0,0,0,0,0,0,0,0,0,0,0,0,0,0,0,0,0,0,0,0,0,0,0,0,0,0,0,0,0,0,0,0,0,0,0,0,0,0,0,0,0,2.27289e-05,0,0.000742246,0.00330209,4.17598e-05,0.00366787,0.00250182,0.0149263,0.00807444,0.0160772,0.026399,0.0435452,0.0780042,0.0990359,0.108534,0.136889,0.172088,0.182686,0.199733,0.229198,0.286964,0.315454,0.301642,0.329628,0.208209,0.108265,0.0559504,0.0304649,0.0231645,0.0110022,0.00828756,0.00943954,0.00740351,0.00324884,0.00113091,0.000297975,0,0.000129048,0.000576799,0,0}:
{0,97,0,0,0,0,0,0,0,0,0,0,0,0,0,0,0,0,0,0,0,0,0,0,0,0,0,0,0,0,0,0,0,0,0,0,0,0,0,0,0,0,0,0,0,0,0,0,0,0,0,0,0,0,0,0,0,0,0,0,0,0,0,0,0,0,0.00267402,0,0,0.00178461,0.00270844,0.00165971,0.00899325,0.00589878,0.0122912,0.015443,0.0251886,0.030751,0.0600233,0.0654824,0.0769798,0.112125,0.262447,0.522547,0.519928,0.328097,0.159092,0.0996883,0.0556607,0.0382531,0.0242826,0.0188196,0.010301,0.00412987,0.00137057,0.000567513,0.000125063,0.00154275,0,0}:
{0,97,0,0,0,0,0,0,0,0,0,0,0,0,0,0,0,0,0,0,0,0,0,0,0,0,0,0,0,0,0,0,0,0,0,0,0,0,0,0,0,0,0,0,0,0,0,0,0,0,0,0,0,0,0,0,0,0,0,0,0,0,0,0,0,0,0,0,0,0,0,0,0,0,0,0,0,0,0,0,0,0,0.00447478,0.0623243,0.262847,0.484164,0.499175,0.302498,0.175691,0.105594,0.0603833,0.0386809,0.0162139,0.00480744,0.00148154,0.00115125,0.000379173,0,0,0}:
{0,97,0,0,0,0,0,0,0,0,0,0,0,0,0,0,0,0,0,0,0,0,0,0,0,0,0,0,0,0,0,0,0,0,0,0,0,0,0,0,0,0,0,0,0,0,0,0,0,0,0,0,0,0,0,0,0,0,0,0,0,0,0,0,0,0,0,0,0,0,0,0,0,0,0,0,0,0,0,0,0,0,0,0.000117029,0.00997161,0.0598483,0.253737,0.470174,0.468391,0.321966,0.190506,0.110087,0.0292398,0.00601417,0.00282395,0.00139532,3.9848e-06,0.0002884,0,0.0017189}:
{0,97,0,0,0,0,0,0,0,0,0,0,0,0,0,0,0,0,0,0,0,0,0,0,0,0,0,0,0,0,0,0,0,0,0,0,0,0,0,0,0,0,0,0,0,0,0,0,0,0,0,0,0,0,0,0,0,0,0,0,0,0,0,0,0,0,0,0,0,0,0,0,0,0,0,0,0,0,0,0,0,0,0,0,0,0.001254,0.00752761,0.0712054,0.25587,0.440553,0.438558,0.321513,0.0668632,0.00919204,0.00291519,0.00206984,0.000808706,9.18909e-06,0,0}:
{0,97,0,0,0,0,0,0,0,0,0,0,0,0,0,0,0,0,0,0,0,0,0,0,0,0,0,0,0,0,0,0,0,0,0,0,0,0,0,0,0,0,0,0,0,0,0,0,0,0,0,0,0,0,0,0,0,0,0,0,0,0,0,0,0,0,0,0,0,0,0,0,0,0,0,0,0,0,0,0,0,0,0,0,0,0,5.87857e-06,0.000529095,0.00872602,0.0700192,0.245103,0.404336,0.147361,0.0130052,0.00545661,0.00175525,0.000802036,0.0002884,2.28518e-05,0};
>
