energy(#dis_numu)<
@energy =
{0,97,0,0,0,0,0,0,0,0,0,0,0,0,0,0,0,0,0,0,0,0,0,0,0,0,0,0,0,0,0,0,0,0,0,0,0,0,0,0,0,0,0,0,0,0,0,0,0,0,0,0,0,0,0,0,0,0,0,0,0,0,0,0,0,0,0,0,0,0,0,0,0,0,0,0,0,0,0,0,0,0,0,0,0,0,0,0,0,0,0,0,0,0,0,0,0,0,0,0}:
{0,97,0,0,0,0,0,0.000222252,0.000704869,0.000432011,0.000539488,0.000452405,0.000189052,0.000275023,0.000127099,0.000115898,8.15388e-05,5.03262e-05,4.22437e-05,5.11818e-05,1.65029e-05,8.72194e-06,2.74179e-05,7.98598e-06,1.9468e-05,5.72539e-06,1.28104e-05,1.25918e-05,7.12117e-06,7.17138e-06,0,0,0,0,0,0,0,0,0,0,0,0,0,0,0,0,0,0,0,0,0,0,0,0,0,0,0,0,0,0,0,0,0,0,0,0,0,0,0,0,0,0,0,0,0,0,0,0,0,0,0,0,0,0,0,0,0,0,0,0,0,0,0,0,0,0,0,0,0,0}:
{0,97,0,0,0,0,0,0.00108808,0.00217297,0.00270757,0.0019651,0.0017167,0.00132719,0.000961616,0.00065777,0.000534788,0.000231799,0.000229799,0.000223831,0.000119387,0.000118413,8.39093e-05,4.77922e-05,4.42436e-05,2.537e-05,1.88856e-05,2.78661e-05,2.90262e-05,1.09677e-05,1.10451e-05,2.43537e-05,9.27754e-06,7.78399e-06,0,0,0,0,1.66193e-05,0,0,0,0,0,0,0,0,4.8162e-06,0,0,0,0,0,0,0,0,0,0,0,0,0,0,0,0,0,0,0,0,0,0,0,0,0,0,0,0,0,0,0,0,0,0,0,0,0,0,0,0,0,0,0,0,0,0,0,0,0,0,0,0,0}:
{0,97,0,0,0,0,0.0174073,0.00808426,0.00759011,0.00662044,0.0046103,0.00392987,0.00328445,0.00204883,0.00196093,0.00128208,0.00107074,0.000694932,0.000468724,0.000495604,0.000346664,0.00021353,0.000219344,0.000195512,9.32002e-05,0.000109895,5.90602e-05,7.9965e-05,2.84847e-05,3.31352e-05,3.39932e-05,7.54321e-06,2.57669e-05,1.44251e-05,6.60347e-06,2.10007e-06,7.70273e-06,1.07906e-05,0,0,1.06828e-05,0,0,3.92783e-06,0,0,0,0,0,0,0,0,0,0,0,0,0,0,0,0,0,0,0,0,0,0,0,0,0,0,0,0,0,0,0,0,0,0,0,0,0,0,0,0,0,0,0,0,0,0,0,0,0,0,0,0,0,0,0,0}:
{0,97,0,0,0,0,0.94908,0.57026,0.233407,0.13733,0.0922083,0.059367,0.0396239,0.0283382,0.0199572,0.014726,0.0105017,0.00768221,0.00588924,0.00450073,0.00372371,0.00254552,0.0019519,0.00180184,0.00120948,0.00105203,0.000822352,0.000576682,0.00042865,0.000298059,0.00027753,0.000217185,0.000174374,0.000155583,0.000185491,9.774e-05,0.000105428,5.14722e-05,7.41978e-05,1.55606e-05,3.5238e-05,2.30627e-05,2.8647e-05,0,2.25438e-05,4.52712e-06,1.61311e-05,3.39745e-05,0,0,0,1.25137e-05,0,0,2.36257e-05,0,7.71069e-06,0,2.74979e-05,2.80407e-05,0,0,9.16527e-06,0,0,3.24774e-05,0,0,0,0,0,0,0,0,0,0,0,0,0,0,0,0,1.44944e-06,0,0,0,0,0,0,0,0,0,0,0,0,0,0,0,0,0}:
{0,97,0,0,0,0,0.0335125,0.406684,0.537051,0.30191,0.198349,0.14418,0.0949415,0.0646525,0.0453525,0.033263,0.0244094,0.0180158,0.013615,0.0103398,0.00796276,0.00612122,0.00501234,0.00394641,0.00284963,0.002353,0.00170643,0.00147805,0.00113199,0.000883866,0.000711331,0.000499396,0.000388918,0.000363245,0.000250149,0.000194746,0.000207863,0.000126259,0.000115824,9.53957e-05,0.00010141,3.8037e-05,5.7294e-05,3.02391e-05,2.25438e-05,1.51629e-05,0,2.71309e-05,0,5.78029e-06,4.04148e-05,0,2.83206e-05,1.36394e-05,0,0,0,0,2.74979e-05,0,0,0,0,0,0,0,0,0,0,0,0,0,0,0,0,0,0,0,0,0,0,0,0,0,0,0,0,0,0,0,0,0,0,0,0,0,0,0,0,0}:
{0,97,0,0,0,0,0,0.0092187,0.202628,0.3728,0.238001,0.174431,0.127558,0.0916052,0.0650998,0.0465237,0.0343802,0.0252062,0.0192552,0.014837,0.0115255,0.00901358,0.0067193,0.00526268,0.0040451,0.00322352,0.00235293,0.00194974,0.00154598,0.00131282,0.000887472,0.000717187,0.000608831,0.000473589,0.000392076,0.000306554,0.000239478,0.000181079,0.000107714,3.50462e-05,4.59208e-05,9.91366e-05,9.3383e-05,2.8867e-05,3.24446e-05,3.48529e-05,2.09473e-05,0,5.98759e-05,3.09207e-05,4.04148e-05,2.09564e-05,5.01297e-05,6.81972e-06,2.36257e-05,2.47315e-05,0,0,8.20996e-06,0,0,2.98104e-05,0,3.11445e-05,0,0,9.88807e-06,0,0,0,1.01735e-05,0,0,0,0,1.05622e-05,0,0,0,0,0,0,0,0,0,0,0,0,0,0,0,0,0,0,0,0,0,0,0,0}:
{0,97,0,0,0,0,0,0.0024216,0.0122174,0.158685,0.302942,0.223209,0.171136,0.131061,0.09901,0.0717646,0.055025,0.0406584,0.0298433,0.0232796,0.0171997,0.0133791,0.0101114,0.007967,0.00627008,0.00487493,0.00390064,0.00306541,0.00251909,0.0019339,0.00141192,0.00117757,0.00104562,0.000778569,0.000729352,0.000474531,0.000443545,0.000287371,0.000284218,0.000251281,0.000149406,0.000220133,0.000269165,0.000103873,9.58616e-05,4.84342e-05,0.000116051,1.01436e-05,3.98305e-05,3.09207e-05,3.22739e-05,3.34701e-05,0,6.81972e-06,3.06796e-05,1.4768e-05,7.71069e-06,1.59611e-05,0,2.5116e-05,1.72299e-05,8.90039e-06,3.06976e-05,3.11445e-05,3.13926e-05,0,9.88807e-06,0,0,0,0,0,0,1.04807e-05,0,0,1.07003e-05,0,0,0,0,0,1.44944e-06,0,0,0,0,0,0,0,0,0,0,7.63272e-07,0,0,0,0,0,0}:
{0,97,0,0,0,0,0,0.00173166,0.00254694,0.0133309,0.135624,0.244317,0.202828,0.161601,0.132926,0.0987776,0.0765804,0.0566747,0.0440167,0.0335329,0.0255365,0.0197804,0.0149116,0.0116558,0.00933615,0.00730518,0.00563951,0.00450439,0.00363749,0.0026651,0.00226785,0.00174962,0.00138309,0.00111213,0.00100276,0.000660245,0.000570474,0.000377911,0.000320308,0.000426511,0.000249855,0.000284676,0.000109567,0.000106429,8.74329e-05,0.000159101,0.000104736,1.52155e-05,4.71434e-05,1.73409e-05,3.83072e-05,1.25137e-05,1.95344e-05,3.6481e-05,6.84131e-05,7.384e-06,4.89578e-05,1.59611e-05,0,6.44533e-05,2.88544e-05,1.78008e-05,3.98629e-05,0,0,6.49547e-05,9.88807e-06,0,0,1.01142e-05,0,2.04779e-05,0,0,0,0,2.14006e-05,0,0,0,0,0,0,0,0,6.12804e-06,0,0,0,0,0,0,3.94128e-07,0,0,0,0,0,0,0}:
{0,97,0,0,0,0,0,0.00028861,0.00125636,0.00416936,0.017349,0.117603,0.220319,0.190248,0.154779,0.128654,0.0988007,0.0794098,0.0602996,0.0462838,0.0363229,0.0274099,0.021335,0.0167523,0.0126292,0.0102814,0.00789312,0.0064108,0.0050715,0.00381803,0.00284363,0.00241114,0.00181809,0.00139772,0.00118627,0.000966799,0.000851569,0.000736721,0.000559382,0.000503438,0.000350151,0.000309979,0.000307496,0.00027608,0.000188981,0.000160466,0.000136999,0.000159485,0.000148743,6.18414e-05,7.8722e-05,4.81696e-05,0.000100259,1.36394e-05,7.08772e-05,8.89626e-05,7.47835e-05,5.86518e-05,7.14158e-05,2.80407e-05,8.61495e-06,8.90039e-06,9.16527e-06,5.90405e-05,0,4.2174e-05,0,1.99428e-05,0,0,1.01735e-05,2.04779e-05,2.05878e-05,0,0,0,1.07003e-05,1.07812e-05,0,0,0,1.11384e-05,1.44944e-06,0,0,0,0,2.18795e-06,2.28004e-06,0,8.87284e-06,0,3.94128e-07,0,0,0,0,0,0,0}:
{0,97,0,0,0,0,0,0,0.000339755,0.00118053,0.00505801,0.0200389,0.102475,0.190018,0.171766,0.150425,0.126754,0.10058,0.0798601,0.0631201,0.0491099,0.0377054,0.0295501,0.0228029,0.0183526,0.0140152,0.0113413,0.00846995,0.00668877,0.00532421,0.0042482,0.00353011,0.00288035,0.00204001,0.00157904,0.0014092,0.00135053,0.00104331,0.000824546,0.000588074,0.000517887,0.000342167,0.000402179,0.000249768,0.000258085,0.000212063,0.000103054,0.000164557,0.000214039,4.24813e-05,7.26888e-05,0.00010041,5.43665e-05,8.2164e-05,7.08772e-05,3.94995e-05,6.43791e-05,5.58639e-05,8.20996e-06,5.31567e-05,8.61495e-06,2.67012e-05,1.83305e-05,3.11445e-05,2.81184e-05,9.69665e-06,0,2.99142e-05,0,0,1.01735e-05,0,0,0,0,0,1.07003e-05,0,0,0,0,0,1.40577e-05,1.56878e-06,0,1.82963e-06,0,2.18795e-06,0,0,0,0,1.32007e-06,0,0,0,0,0,0,0}:
{0,97,0,0,0,0,0,0,8.49387e-05,0.000633014,0.00215795,0.00612392,0.0225937,0.0979594,0.169192,0.163542,0.141249,0.122213,0.100144,0.0798761,0.0636094,0.0513534,0.0397391,0.0311129,0.0242649,0.0190473,0.0155116,0.0115516,0.00947379,0.00719786,0.00553132,0.00476117,0.00373986,0.00317019,0.00231509,0.0019274,0.00154689,0.00122514,0.000979163,0.000823795,0.000635244,0.000546289,0.000397158,0.000478526,0.000301902,0.000222699,0.000194793,0.000174701,8.69739e-05,0.000129463,0.000212033,0.000188307,0.000180672,0.000171148,6.84131e-05,0.000128462,7.20898e-05,9.33619e-05,3.28398e-05,2.5116e-05,2.58448e-05,6.85213e-05,1.83305e-05,4.04431e-05,1.87456e-05,9.69665e-06,3.31185e-05,9.97139e-06,9.95693e-06,0,0,1.0239e-05,6.89554e-05,1.04807e-05,0,0,0,5.76725e-05,0,1.09987e-05,0,0,2.89888e-06,3.13756e-06,0,0,1.96024e-06,0,0,0,0,0,0,0,0,0,0,0,0,0}:
{0,97,0,0,0,0,0,0,0,0.000201003,0.00083047,0.00279116,0.008121,0.0240919,0.0919791,0.152123,0.151398,0.135994,0.116675,0.0992006,0.0796522,0.0646515,0.0519119,0.0411764,0.0330082,0.0258475,0.0202678,0.0160159,0.0124439,0.0101792,0.00792584,0.00592825,0.00499591,0.00385323,0.0031434,0.00237843,0.00188629,0.00157477,0.0012596,0.00125816,0.000939475,0.000743194,0.000753564,0.000429831,0.000418835,0.000484777,0.000351288,0.000286768,0.000217565,0.000195343,0.000163477,0.000108853,0.000158863,0.000164328,5.64308e-05,9.63466e-05,3.08427e-05,3.19222e-05,4.39179e-05,4.47847e-05,5.46992e-05,7.43124e-05,1.83305e-05,4.04431e-05,6.88838e-05,5.18706e-05,0,6.33118e-05,9.95693e-06,2.02284e-05,6.8149e-05,1.0239e-05,1.02939e-05,0,0,4.59385e-05,0,0,1.08117e-05,1.09987e-05,0,0,1.06524e-05,0,5.10285e-06,1.40857e-05,0,0,0,0,2.64913e-06,0,7.88255e-07,0,0,0,0,0,0,0}:
{0,97,0,0,0,0,0,0,0,0,0.000235328,0.00136491,0.00313126,0.00929593,0.0264281,0.0854268,0.140484,0.143231,0.130009,0.114845,0.0967002,0.0815828,0.066282,0.0532901,0.0423365,0.032983,0.0271842,0.020757,0.0167529,0.013172,0.0104103,0.00846659,0.00674251,0.0050917,0.00415651,0.00328139,0.00247859,0.00258012,0.00196494,0.00152486,0.00138273,0.000932342,0.000712275,0.000745566,0.000527542,0.00046487,0.000486604,0.000332414,0.000355208,0.000237547,0.000199677,9.41534e-05,0.000182947,0.000200809,0.000150934,0.000167962,0.000154584,6.14397e-05,1.64199e-05,7.28253e-05,5.16897e-05,5.65116e-05,9.16527e-06,4.97418e-05,0.000122296,1.93933e-05,1.97761e-05,5.33404e-05,0,3.03426e-05,0,7.88264e-05,0,1.04807e-05,0,1.05622e-05,0,1.07812e-05,5.78354e-05,1.09987e-05,1.11545e-05,3.34152e-05,1.69565e-05,8.39194e-06,1.70095e-06,1.52762e-05,3.92048e-06,0,7.63663e-06,0,0,5.5596e-06,0,0,0,0,0,0,0,0}:
{0,97,0,0,0,0,0,0,0,0,9.81313e-05,0.000282753,0.0014001,0.00429422,0.0107857,0.0294265,0.0812204,0.129704,0.134126,0.12515,0.111077,0.0951155,0.0816374,0.0663373,0.0541007,0.0427093,0.0343117,0.0280566,0.022324,0.0174327,0.0142442,0.0108548,0.00937199,0.00668173,0.00589945,0.00431559,0.00348341,0.00271248,0.00248364,0.0020965,0.00152546,0.00147639,0.000861831,0.000899317,0.000767297,0.000651134,0.000454342,0.000412279,0.000349789,0.000295627,0.000320921,0.000204892,0.000241863,0.000191607,0.000160452,0.000108535,0.000190814,0.00013086,7.38897e-05,0.000232697,0.000121023,3.56016e-05,9.16527e-06,7.15876e-05,7.82566e-05,9.40446e-05,3.31185e-05,5.33404e-05,0.000100047,1.01142e-05,3.40745e-05,4.45327e-05,0,1.04807e-05,3.52356e-05,0,2.14006e-05,0,1.08117e-05,3.2996e-05,0,0,1.11588e-05,0,3.4019e-06,3.65925e-06,3.92048e-06,0,2.28004e-06,0,0,2.7798e-06,0,0,0,0,0,0,0,0}:
{0,97,0,0,0,0,0,0,0,0,0,8.11532e-05,0.000661822,0.00209766,0.00546002,0.0119057,0.0305454,0.0779693,0.122793,0.127224,0.120969,0.106267,0.0926843,0.0781281,0.0656045,0.0546882,0.0444701,0.0363301,0.0288947,0.0235805,0.018476,0.0148432,0.0114913,0.00964988,0.0075398,0.00618892,0.00468069,0.00372279,0.00318129,0.0027295,0.00205084,0.00191769,0.00145468,0.00115008,0.000932262,0.000578483,0.000696077,0.000493915,0.000493112,0.000467849,0.000383362,0.000366286,0.000363618,0.000342296,0.000275778,0.000155419,0.00021664,0.000133265,0.000197828,0.000215551,0.000106389,1.78008e-05,4.90281e-05,4.04431e-05,6.56095e-05,5.18706e-05,9.88807e-06,3.98856e-05,9.95693e-06,0.000121856,1.01735e-05,4.09558e-05,1.02939e-05,5.60646e-05,9.15114e-05,1.05622e-05,1.07003e-05,1.07812e-05,2.16234e-05,1.09987e-05,0,0,1.06524e-05,3.13756e-06,5.69705e-06,7.95766e-06,0,0,0,0,0,2.7798e-06,0,0,0,0,0,0,0,0}:
{0,97,0,0,0,0,0,0,0,0,3.27104e-05,0.000105756,0.000319007,0.00089504,0.00261313,0.0059308,0.0135115,0.031226,0.0769198,0.112244,0.121538,0.115537,0.104965,0.0924293,0.0787087,0.0665975,0.0550562,0.0442826,0.0365238,0.0307327,0.0241516,0.0190523,0.0154669,0.0121445,0.00998045,0.00812892,0.00637142,0.00506041,0.00423465,0.00359545,0.00253652,0.00240376,0.00156796,0.00140652,0.00129905,0.00096481,0.000955626,0.000615639,0.000758081,0.000659431,0.000425594,0.000370056,0.000213229,0.000355608,0.000202775,0.000298649,0.000350785,0.000211049,0.000206037,0.000182063,6.89196e-05,0.000113023,9.80563e-05,3.71947e-05,1.87456e-05,9.69665e-06,5.28946e-05,8.67379e-05,9.65691e-05,3.38759e-05,3.40745e-05,8.90653e-05,5.50654e-05,5.24033e-05,1.05202e-05,4.59385e-05,3.5839e-05,1.07812e-05,1.08117e-05,1.09987e-05,4.85146e-05,1.11384e-05,1.35513e-05,9.96072e-06,1.25009e-05,6.12804e-06,1.96024e-06,2.18795e-06,0,0,0,0,1.32007e-06,0,0,0,0,0,0,0}:
{0,97,0,0,0,0,0,0,0,0,0,7.3455e-06,5.11603e-05,0.000372689,0.00108466,0.0030977,0.00717573,0.0146522,0.0322966,0.0736072,0.106572,0.116631,0.112214,0.101779,0.091203,0.0798073,0.0663565,0.0561113,0.0457964,0.0376368,0.0312358,0.0248047,0.020155,0.0161451,0.0129852,0.00986957,0.00872655,0.00680113,0.00534787,0.00436079,0.00353417,0.00283369,0.00211113,0.00196379,0.00178552,0.00157542,0.0012985,0.000990886,0.000799284,0.00058979,0.000645479,0.000319701,0.000311214,0.000264569,0.000349119,0.00021707,0.000229367,0.000194704,0.000236009,0.00011761,0.000118013,0.000142834,0.00017458,0.000130628,0.000128395,0.000165309,7.6125e-05,0.000130107,5.3263e-05,9.45611e-05,3.05205e-05,2.04779e-05,4.47716e-05,7.02066e-05,2.10403e-05,1.05622e-05,4.28013e-05,1.07812e-05,1.08117e-05,3.68383e-05,3.73601e-05,4.45536e-05,1.21019e-05,3.09782e-05,9.09895e-06,1.82963e-06,1.96024e-06,0,2.28004e-06,0,0,0,0,0,0,0,0,0,0,0}:
{0,97,0,0,0,0,0,0,0,0,0,0,3.93975e-05,0.000102526,0.000449171,0.00151983,0.00371457,0.00788577,0.0158621,0.0335836,0.071066,0.103156,0.109637,0.107069,0.100744,0.0892013,0.0780784,0.0667091,0.0565665,0.045721,0.0382459,0.0313623,0.0260878,0.0211075,0.0167137,0.0135306,0.0113222,0.00885999,0.00749674,0.00573835,0.00448306,0.00371887,0.0033755,0.00259763,0.00216348,0.00142063,0.00132426,0.00117726,0.00106804,0.000823576,0.000726308,0.000702872,0.000642275,0.00030787,0.00043623,0.000157998,0.000218963,0.000272105,0.000194959,0.000265783,0.000201567,0.000139724,8.8891e-05,0.00012738,0.000106375,0.000123135,8.25588e-05,1.99428e-05,9.65691e-05,4.04568e-05,9.86695e-05,3.07169e-05,3.44777e-05,6.65453e-05,5.62759e-05,3.53763e-05,2.14006e-05,7.9235e-05,4.32468e-05,1.09987e-05,1.11545e-05,0,4.70276e-05,3.13756e-06,1.93046e-05,1.16169e-05,1.96024e-06,7.32818e-06,9.91667e-06,1.09284e-05,0,0,7.88255e-07,0,0,0,0,0,0,0}:
{0,97,0,0,0,0,0,0,0,0,0,0,0,6.51108e-05,0.000275032,0.000520366,0.00162116,0.00418333,0.00821368,0.0174212,0.0360639,0.0686272,0.0979327,0.107923,0.105051,0.0977791,0.0870283,0.0771599,0.0663894,0.0559498,0.0476282,0.0398154,0.0319904,0.0264628,0.0216959,0.0175748,0.0141151,0.0115672,0.0095333,0.00736789,0.0061351,0.00487168,0.00391926,0.00338877,0.00273317,0.0025117,0.00197264,0.00150283,0.00131812,0.000931938,0.0009483,0.000721943,0.00073571,0.000576876,0.000360424,0.000530841,0.000554327,0.000464405,0.000265981,0.000313493,0.000230421,9.52224e-05,0.000143883,0.000124131,0.000300829,0.000113438,0.000125565,9.97139e-06,0.000106526,8.44469e-05,2.0347e-05,6.50106e-05,0.000124021,0.000101649,6.6796e-05,2.11244e-05,5.72396e-05,3.611e-05,0,0,1.11545e-05,2.22768e-05,2.42037e-05,1.30983e-05,1.30951e-05,3.65925e-06,3.92048e-06,4.3759e-06,0,0,0,0,3.42839e-06,0,0,0,0,0,0,0}:
{0,97,0,0,0,0,0,0,0,0,0,0,0,1.62777e-05,6.91185e-05,0.000252342,0.00078319,0.00208309,0.00495808,0.00958002,0.0186832,0.0366757,0.0676094,0.0940794,0.102387,0.101903,0.0955506,0.0873154,0.0764292,0.0664241,0.0567592,0.0474283,0.0405693,0.0332053,0.027274,0.022432,0.0185444,0.0147315,0.0121317,0.00956153,0.00746203,0.00643879,0.00510271,0.00459578,0.00346467,0.00279031,0.00236246,0.00206494,0.00146634,0.00160669,0.000923878,0.000635631,0.000679069,0.000590515,0.000589289,0.000473994,0.000422505,0.000298452,0.000516331,0.000341533,0.000290726,0.000246956,0.00022681,0.000279854,0.000141042,0.000171618,0.00017846,0.000103197,0.000103048,9.45611e-05,7.12145e-05,0.000105966,7.92493e-05,0.000263023,9.15114e-05,9.18771e-05,0.000139618,0,5.78354e-05,0.000110515,3.34634e-05,0,2.81153e-05,1.67839e-05,2.3895e-05,1.22561e-05,1.50913e-05,2.18795e-06,9.91667e-06,2.51267e-06,2.64913e-06,9.31049e-06,2.50245e-06,0,0,0,0,0,0,0}:
{0,97,0,0,0,0,0,0,0,0,0,0,0,0,1.38237e-05,0.00014005,0.000293957,0.000873414,0.00238258,0.00540116,0.0102706,0.0193586,0.0367952,0.0648427,0.088409,0.100012,0.0986033,0.0928113,0.0853461,0.077051,0.0667154,0.0567874,0.0496659,0.0403184,0.0349069,0.02802,0.0228893,0.018926,0.0154941,0.0121364,0.0100392,0.00801797,0.00660463,0.00539084,0.00478667,0.00371077,0.0027441,0.00221581,0.00190853,0.00194912,0.00138204,0.00123055,0.00104755,0.000919171,0.000844582,0.00064676,0.000530825,0.000464022,0.000334923,0.000257009,0.000365665,0.000297677,0.000290967,0.000130628,0.000184631,0.000178393,0.00015523,9.32259e-05,0.000136397,0.000152199,0.000248207,0.000195032,8.2351e-05,7.7026e-05,8.09913e-05,6.70629e-05,0.000114479,2.15625e-05,6.86471e-05,1.09987e-05,1.11545e-05,0.000108028,2.13048e-05,2.98822e-05,1.81979e-05,3.0001e-05,1.3131e-05,4.3759e-06,0,2.51267e-06,5.29826e-06,1.20903e-05,7.88255e-07,0,0,0,0,0,0,0}:
{0,97,0,0,0,0,0,0,0,0,0,0,0,0,1.38237e-05,3.62288e-05,9.22717e-05,0.000489937,0.00112244,0.0027711,0.00579277,0.0108291,0.0202644,0.0382388,0.0645203,0.0848951,0.097438,0.0963201,0.0917883,0.0835729,0.0748684,0.0654763,0.0561517,0.0487814,0.041215,0.0350536,0.0291029,0.0239122,0.0192371,0.0166383,0.0133816,0.0106175,0.00793078,0.0071459,0.00582744,0.0046794,0.00410155,0.00331063,0.00257533,0.0019159,0.0016906,0.00152741,0.00111298,0.00112171,0.000969088,0.000799954,0.000471463,0.000578921,0.000754814,0.000388841,0.000334214,0.000285667,0.000235535,0.0003138,0.000178533,0.00023996,0.000211578,0.000206873,7.66552e-05,0.00026394,6.4595e-05,0.000191946,0.00017549,2.09613e-05,0.000133592,0.000119874,4.28013e-05,4.3125e-05,7.94588e-05,8.46753e-05,3.34634e-05,7.07214e-05,5.67369e-05,4.87829e-05,1.42018e-05,1.40857e-05,1.24462e-05,1.3892e-05,7.63663e-06,0,8.87284e-06,2.7798e-06,3.94128e-07,0,0,0,0,0,0,0}:
{0,97,0,0,0,0,0,0,0,0,0,0,0,0,0,1.20763e-05,4.29314e-05,0.000176637,0.000613113,0.00131462,0.00297649,0.00654105,0.0120582,0.0216601,0.0379903,0.0627038,0.0825862,0.0922612,0.0941486,0.0893105,0.082472,0.075544,0.0651821,0.0569742,0.0486987,0.0413774,0.0346128,0.0294905,0.0244187,0.0196691,0.0173069,0.0131856,0.01127,0.0086331,0.00771537,0.00579698,0.00487254,0.00392627,0.00328136,0.00273167,0.00241931,0.0019084,0.00158502,0.00151412,0.00108722,0.00110821,0.00111441,0.000530654,0.000548776,0.000433625,0.000570241,0.00034797,0.000373895,0.000348193,0.000197279,0.000236573,0.000211578,0.00020339,8.31338e-05,0.00015878,0.000119017,0.000136683,0.000165196,0.000157713,0.000175673,6.70629e-05,6.79399e-05,2.15625e-05,9.40474e-05,2.19974e-05,5.57724e-05,1.11384e-05,5.91295e-05,4.61933e-05,2.15998e-05,7.95766e-06,1.24462e-05,1.46564e-05,1.21967e-05,5.02533e-06,0,0,3.94128e-07,0,0,0,0,0,0,0}:
{0,97,0,0,0,0,0,0,0,0,0,0,0,0,0,0,2.14657e-05,7.88204e-05,0.000256745,0.000656099,0.00162637,0.00339072,0.00752461,0.0130476,0.0227679,0.0388343,0.0611886,0.0797757,0.0906282,0.0920396,0.0868911,0.0813249,0.0742925,0.0652537,0.0586259,0.0484982,0.0421203,0.0351917,0.0302827,0.0253466,0.0204823,0.0167338,0.0134626,0.0112225,0.00911577,0.00818307,0.00597503,0.00552467,0.00446348,0.0033957,0.00289527,0.00243796,0.00206388,0.00165767,0.00144619,0.00142714,0.00107781,0.000666707,0.000592694,0.000719479,0.000596086,0.000362662,0.000379858,0.000469522,0.000194454,0.000152225,0.000211578,0.000263218,9.30907e-05,9.10278e-05,0.000285835,0.00025338,0.000120425,5.60646e-05,0.000133592,0.00016263,0.000100041,5.39062e-05,0.000177283,0.000224344,4.46179e-05,0.000167611,5.62306e-05,3.14509e-05,1.36076e-05,2.20434e-05,8.52575e-06,1.90323e-05,9.91667e-06,1.09284e-05,2.64913e-06,2.7798e-06,4.74846e-06,0,0,0,0,0,0,0}:
{0,97,0,0,0,0,0,0,0,0,0,0,0,0,0,0,1.07328e-05,3.79923e-05,8.701e-05,0.00038004,0.000795238,0.00205801,0.00414011,0.00805998,0.0137915,0.0231028,0.0388677,0.06069,0.0769577,0.0855114,0.0889251,0.0856719,0.0797566,0.0725761,0.0646595,0.0571798,0.0494371,0.0432824,0.0361538,0.0298228,0.0246248,0.0211984,0.0168861,0.0147039,0.0116783,0.00958084,0.00887463,0.00673767,0.00515385,0.00426671,0.00390209,0.00292501,0.00262605,0.00191985,0.00185633,0.00162944,0.00121697,0.00104256,0.000798337,0.000811571,0.000714513,0.000523296,0.000315261,0.000450925,0.000388459,0.000453752,0.000456275,0.000169993,0.000219531,0.000230065,6.1041e-05,0.000260042,0.00017549,9.79873e-05,0.000239299,0.000123564,7.86402e-05,6.84537e-05,4.32468e-05,6.98343e-05,0.000145544,3.73063e-05,5.37685e-05,4.03909e-05,3.58016e-05,2.02137e-05,3.92048e-06,1.68443e-05,9.91667e-06,0,0,1.20903e-05,0,7.63272e-07,0,0,0,0,0,0}:
{0,97,0,0,0,0,0,0,0,0,0,0,0,0,0,0,0,0,1.68975e-05,0.000108615,0.000405496,0.00100911,0.00234328,0.00481695,0.00861169,0.0146951,0.0241447,0.0407084,0.0583378,0.0759475,0.0836898,0.0860086,0.0827878,0.0786611,0.0740609,0.0652976,0.0572188,0.0499115,0.0432296,0.0360915,0.030434,0.0253115,0.0216512,0.0180597,0.0144197,0.0122759,0.0107666,0.00792202,0.00667843,0.00575751,0.00443868,0.00364258,0.00368631,0.00243979,0.00210815,0.00184651,0.00158746,0.00137129,0.00115828,0.000856356,0.000985413,0.000699049,0.000597503,0.000469522,0.000429224,0.000493004,0.000611505,0.000303104,0.000246401,0.000199236,0.000145983,0.000373162,0.000154902,9.79873e-05,8.78363e-05,0.000109312,0.00020382,0.000270566,7.94588e-05,3.68383e-05,0.000119338,7.07214e-05,6.1522e-05,5.34892e-05,3.29939e-05,3.0001e-05,2.55773e-05,1.17041e-05,6.84012e-06,2.51267e-06,0,0,7.88255e-07,1.52654e-06,0,0,0,0,0,0}:
{0,97,0,0,0,0,0,0,0,0,0,0,0,0,0,0,0,0,2.52251e-06,5.11818e-05,0.000226857,0.000551969,0.00118725,0.0028219,0.00537877,0.00902803,0.0152508,0.0249749,0.0392364,0.0576434,0.0736319,0.0823549,0.0846932,0.0824841,0.0778524,0.071781,0.0654857,0.057757,0.0501568,0.0435245,0.037333,0.0317738,0.0270966,0.0213874,0.0183318,0.015598,0.0129067,0.0104246,0.0088405,0.00705848,0.00558062,0.00498357,0.00397282,0.00344112,0.00303245,0.00258962,0.00196909,0.00170446,0.00139964,0.0011753,0.00120982,0.000981607,0.000808744,0.000537415,0.000535599,0.000486229,0.000287229,0.000379392,0.000149354,0.000405539,0.000268554,0.000170977,0.000106535,0.000154052,0.000274534,0.000102439,0.000186157,0.000277581,9.02705e-05,0.000161666,6.69269e-05,0.000115275,6.73198e-05,7.81923e-05,2.89978e-05,5.3874e-05,1.70515e-05,8.75179e-06,1.21967e-05,8.41577e-06,2.03948e-05,1.20903e-05,3.94128e-07,0,0,0,0,0,0,0}:
{0,97,0,0,0,0,0,0,0,0,0,0,0,0,0,0,0,0,0,2.32746e-05,8.32634e-05,0.000265862,0.00073838,0.00145946,0.00294062,0.00576255,0.0100767,0.0157904,0.0255406,0.0395823,0.0572335,0.0721903,0.0800334,0.0817374,0.0811227,0.0766158,0.0715914,0.0639527,0.0567069,0.050028,0.043912,0.0378873,0.0311475,0.0277972,0.0230204,0.0184728,0.0164893,0.0134414,0.0103781,0.00821209,0.0070613,0.00583284,0.0049569,0.00448814,0.0034034,0.00290304,0.00284642,0.00198175,0.00166314,0.00164614,0.00146909,0.000918877,0.000780808,0.00101668,0.000676641,0.000631679,0.000310459,0.000419756,0.000306143,0.000324626,0.00022786,0.000383401,0.00017549,0.000238401,5.26008e-05,0.000261379,7.49022e-05,0.000180032,0.000115671,0.000161666,0.000190162,0.000119166,6.49272e-05,4.50973e-05,2.67026e-05,3.30211e-05,1.17614e-05,4.53927e-05,1.21967e-05,0,2.30439e-05,5.5596e-06,4.74846e-06,0,0,0,0,0,0,0}:
{0,97,0,0,0,0,0,0,0,0,0,0,0,0,0,0,0,0,8.44875e-06,0,7.17965e-06,7.3182e-05,0.000240383,0.000660334,0.00176594,0.00326762,0.00581444,0.0101616,0.0174255,0.0270161,0.0397065,0.056434,0.0694453,0.0777996,0.0804442,0.0792908,0.0755476,0.0699771,0.0625982,0.0569865,0.051478,0.0430654,0.0381376,0.0323482,0.0271252,0.0238922,0.0197805,0.0168156,0.0135007,0.0117066,0.0100479,0.00743623,0.00676322,0.00464467,0.00431819,0.00358449,0.0031934,0.00250837,0.00207196,0.00163151,0.00188686,0.00151423,0.00112124,0.00100369,0.000908586,0.00077175,0.00053538,0.00076022,0.000602807,0.000321092,0.000391124,0.000276943,0.000464707,0.00022792,0.000362371,0.000271941,0.000107517,7.9235e-05,0.000166471,0.000165508,7.80814e-05,0.000115275,0.000109056,4.35285e-05,5.28928e-05,2.14042e-05,1.70515e-05,9.51613e-06,4.56008e-06,1.09284e-05,2.64913e-06,9.31049e-06,2.89658e-06,0,1.32081e-06,0,0,0,0,0}:
{0,97,0,0,0,0,0,0,0,0,0,0,0,0,0,0,0,0,0,2.31634e-06,2.1539e-05,4.43103e-05,0.000131377,0.000381114,0.000860817,0.00185215,0.00383667,0.00649902,0.0106594,0.0174857,0.0276754,0.0398801,0.0546362,0.067585,0.0737479,0.0786889,0.0773933,0.0730733,0.0694287,0.0626905,0.0571531,0.0520666,0.0450562,0.0396242,0.0331356,0.0276423,0.0241113,0.0203314,0.0174824,0.0141854,0.0114731,0.0106405,0.00834369,0.00631261,0.00528974,0.0045081,0.00331909,0.00300114,0.00281895,0.00203125,0.00197342,0.00168108,0.00126469,0.000979041,0.00109322,0.000988464,0.000717294,0.000793618,0.000362406,0.00059868,0.000489794,0.000455566,0.000295915,0.000381972,0.000225103,0.000247127,0.000189381,0.000328239,0.000198907,0.000239185,0.000152802,0.000119166,0.000143406,7.60002e-05,2.89161e-05,3.05523e-05,2.75375e-05,1.608e-05,3.51066e-05,0,0,9.31049e-06,7.25091e-06,7.63272e-07,0,0,0,0,0,0}:
{0,97,0,0,0,0,0,0,0,0,0,0,0,0,0,0,0,0,0,0,0,1.34332e-05,5.48359e-05,0.000146313,0.000358088,0.001111,0.00221135,0.00392093,0.00705463,0.0116497,0.0184978,0.0273823,0.040653,0.0540703,0.0648075,0.073954,0.0763971,0.0762293,0.0740241,0.069164,0.0621872,0.0573603,0.0508574,0.0447246,0.0384868,0.0328362,0.0281705,0.0232734,0.020612,0.0172017,0.0134147,0.0122177,0.0103809,0.00810083,0.00723777,0.00542959,0.00489763,0.00444781,0.00358119,0.00271432,0.00253723,0.00206819,0.0018507,0.00121195,0.00131297,0.000842083,0.0008923,0.000556351,0.000482367,0.000486938,0.000418579,0.000396725,0.000312907,0.00035053,0.00030242,0.000388633,0.000189381,0.000154704,0.000234599,0.000224344,0.000179007,0.000253362,0.000121088,3.56093e-05,4.03919e-05,6.54909e-05,5.83107e-05,9.51613e-06,9.91667e-06,1.84664e-05,2.03948e-05,8.3394e-06,2.89658e-06,0,0,0,0,0,0,0}:
{0,97,0,0,0,0,0,0,0,0,0,0,0,0,0,0,0,0,0,0,0,6.71659e-06,1.90437e-06,5.2871e-05,0.000218288,0.000551183,0.00120284,0.00247492,0.0042968,0.00768945,0.0120053,0.0186277,0.0271762,0.0405505,0.0529447,0.0640302,0.0703435,0.0740545,0.0731014,0.0719274,0.066851,0.0616979,0.0553286,0.0509039,0.0452857,0.0392213,0.0325437,0.02867,0.0245451,0.0202943,0.0179739,0.0142988,0.0119568,0.0103936,0.00778159,0.00665736,0.00624996,0.00472675,0.00401424,0.00376948,0.00294556,0.00269604,0.0021293,0.00132959,0.00144374,0.00142621,0.00126554,0.00088336,0.000998562,0.00062549,0.00074462,0.000451497,0.000505883,0.000536024,0.000365541,0.000324752,0.000347176,0.000256019,0.000249188,0.000364013,0.000257089,9.29982e-05,0.000139494,9.90592e-05,6.25043e-05,4.58285e-05,2.75375e-05,1.82679e-05,2.21134e-05,1.93442e-05,8.87284e-06,1.20903e-05,1.57651e-06,0,0,0,0,0,0,0}:
{0,97,0,0,0,0,0,0,0,0,0,0,0,0,0,0,0,0,0,0,0,0,2.10395e-05,3.87352e-05,7.37322e-05,0.000236368,0.000633444,0.00132973,0.00262721,0.00478777,0.00784695,0.0122988,0.0192511,0.0291324,0.0401188,0.0524715,0.0631268,0.0697009,0.0742051,0.073546,0.0709944,0.0674627,0.0612732,0.0552851,0.0494988,0.045609,0.0379888,0.033608,0.028134,0.0241202,0.0215913,0.0186217,0.0151603,0.0132156,0.0109297,0.0084529,0.00690136,0.00523865,0.00516223,0.00397081,0.00371259,0.0034516,0.00243308,0.00180561,0.00188233,0.00172143,0.00118298,0.00114706,0.0010643,0.000672527,0.000748174,0.000513422,0.000574344,0.000494101,0.000397101,0.000430881,0.000239659,0.000288363,0.000314577,0.00019082,0.000380323,0.000301806,0.000109423,8.23506e-05,0.000112077,6.2383e-05,2.61679e-05,3.73002e-05,2.51899e-05,1.09284e-05,1.41711e-05,1.76499e-05,2.89658e-06,5.11292e-06,0,0,0,0,0,0}:
{0,97,0,0,0,0,0,0,0,0,0,0,0,0,0,0,0,0,0,0,0,0,0,1.22997e-05,2.71321e-05,8.6396e-05,0.000297546,0.000710857,0.00158543,0.0027337,0.00469722,0.00865291,0.0132057,0.0202823,0.0279601,0.0399834,0.0514578,0.0614284,0.0680556,0.0703471,0.0699082,0.0679932,0.064415,0.0634176,0.0559557,0.0521388,0.0461216,0.0399496,0.0346208,0.0297565,0.0260975,0.0227166,0.0178353,0.0158334,0.0126256,0.0107129,0.0087429,0.00743665,0.00607877,0.00520844,0.00431988,0.00372526,0.00318871,0.00293432,0.00230963,0.00177283,0.00136192,0.00141328,0.00105182,0.00087883,0.000833116,0.00105139,0.000616014,0.000665956,0.000517003,0.000490565,0.000364838,0.000396693,0.000347012,0.000342015,0.000276036,0.00014869,0.000136595,8.7057e-05,7.27916e-05,5.07661e-05,5.18393e-05,2.55961e-05,1.67568e-05,2.68822e-05,1.41711e-05,0,7.25091e-06,0,0,0,0,0,0,0}:
{0,97,0,0,0,0,0,0,0,0,0,0,0,0,0,0,0,0,0,0,0,0,0,0,3.54118e-05,4.00778e-05,0.000166034,0.000360335,0.000863435,0.00177498,0.00330423,0.00533652,0.0092377,0.0141889,0.0198665,0.0291816,0.039332,0.0511597,0.0607476,0.067488,0.0706382,0.0707718,0.0693569,0.0637646,0.0607582,0.0542245,0.0511427,0.0452473,0.0399166,0.0340613,0.0307917,0.0258756,0.0227023,0.0181964,0.0151247,0.0140921,0.0120642,0.0100913,0.00738613,0.00628923,0.00488027,0.00464145,0.00392822,0.00326302,0.00261239,0.0024176,0.0017485,0.00161968,0.00134753,0.00128132,0.000843289,0.00097565,0.000946406,0.000802205,0.000534368,0.000529631,0.000371801,0.000259267,0.00035027,0.00036017,0.000283294,0.000357498,0.000213624,9.48256e-05,6.65004e-05,6.97893e-05,2.22474e-05,2.55961e-05,4.56008e-06,1.59538e-05,5.29826e-06,2.69604e-05,1.97064e-06,7.63272e-07,0,0,0,0,0,0}:
{0,97,0,0,0,0,0,0,0,0,0,0,0,0,0,0,0,0,0,0,0,0,0,0,5.90196e-06,0,7.35346e-05,0.000193863,0.000433069,0.000939509,0.0021076,0.00368097,0.00579942,0.00929375,0.0141408,0.021484,0.0289061,0.0396807,0.0498163,0.059925,0.0640074,0.0686465,0.0694901,0.067085,0.0639397,0.0602918,0.0552804,0.0505895,0.0454901,0.0420834,0.0346443,0.0298445,0.0255897,0.0221208,0.0186513,0.0161444,0.0130426,0.0115609,0.0104324,0.00780142,0.00723523,0.00633412,0.00420638,0.00457905,0.00343334,0.00253688,0.00234964,0.00164262,0.00183686,0.00094963,0.00146938,0.000834898,0.000763724,0.00101964,0.000502808,0.000646322,0.000593797,0.000349284,0.00032487,0.000294178,0.000298345,0.000260609,0.000258766,9.96072e-05,9.83875e-05,9.00031e-05,3.21428e-05,1.17041e-05,1.44767e-05,4.2836e-05,7.94739e-06,2.14008e-05,7.64504e-06,1.52654e-06,0,0,0,0,0,0}:
{0,97,0,0,0,0,0,0,0,0,0,0,0,0,0,0,0,0,0,0,0,0,0,0,5.90196e-06,7.4348e-06,1.67197e-05,7.9965e-05,0.000223695,0.000465384,0.00110386,0.00224789,0.00388455,0.00652568,0.0099305,0.014581,0.022,0.0296933,0.039296,0.0482203,0.0574902,0.0633046,0.0679355,0.067863,0.067403,0.0637898,0.0584615,0.0546928,0.0494705,0.0442003,0.0397272,0.0366075,0.0307169,0.0264279,0.0221641,0.0193659,0.0167315,0.0144216,0.0109082,0.00947358,0.00816305,0.00718137,0.00604195,0.00444103,0.00489107,0.00316902,0.00312376,0.00243924,0.00197925,0.00180165,0.00123344,0.00106065,0.00104624,0.000882389,0.00066796,0.000692261,0.0003504,0.000587506,0.00048053,0.000356856,0.000499662,0.000379775,0.00022529,0.00016886,0.000105786,4.82973e-05,4.58645e-05,4.68163e-05,4.56008e-06,1.84664e-05,2.21185e-05,1.48701e-05,3.54715e-06,3.31973e-06,1.32081e-06,0,0,0,0,0}:
{0,97,0,0,0,0,0,0,0,0,0,0,0,0,0,0,0,0,0,0,0,0,0,0,0,5.72539e-06,1.28104e-05,3.99825e-05,0.00011238,0.000209201,0.000663724,0.00111255,0.00218053,0.00413319,0.0064306,0.00982926,0.0151627,0.0219521,0.0297034,0.0387693,0.0495375,0.056551,0.0651534,0.0650514,0.0661375,0.0634251,0.0635371,0.05923,0.0549249,0.0501239,0.0437841,0.0388432,0.0348912,0.0309382,0.0265819,0.0242025,0.0188223,0.0157666,0.0142721,0.0110058,0.0101016,0.0089923,0.00671642,0.00654318,0.00518208,0.0041618,0.00402642,0.00295223,0.00269554,0.00179909,0.00158031,0.00175935,0.00121814,0.00106422,0.000938819,0.00088976,0.00121698,0.00075026,0.000436764,0.000613668,0.000563227,0.000387022,0.000293116,0.000190973,0.000129168,8.01279e-05,6.94815e-05,3.21599e-05,2.66735e-05,2.09791e-05,2.03948e-05,1.48701e-05,8.03916e-06,7.63272e-07,0,0,0,0,0,0}:
{0,97,0,0,0,0,0,0,0,0,0,0,0,0,0,0,0,0,0,0,0,0,0,0,0,5.72539e-06,5.57322e-06,1.25918e-05,4.87829e-05,0.000135263,0.000331903,0.000624768,0.00132127,0.00237393,0.00468626,0.00684656,0.0108238,0.0158721,0.021879,0.0307744,0.0386194,0.0482105,0.0560857,0.0604012,0.0626437,0.0645645,0.0632092,0.0620912,0.0569006,0.054389,0.0494239,0.0444862,0.0399838,0.036084,0.0313434,0.0283334,0.0231082,0.0203349,0.0162646,0.0145292,0.0115712,0.00957802,0.00909362,0.00801315,0.00721245,0.00527971,0.00482878,0.0038166,0.00331826,0.00260005,0.00233253,0.00223491,0.00167875,0.00169924,0.00124542,0.00124671,0.000725939,0.000814948,0.000596201,0.000614196,0.000454508,0.000439358,0.00029935,0.000166743,0.000123983,5.68063e-05,4.85095e-05,3.73002e-05,3.203e-05,1.59538e-05,2.92676e-05,5.5596e-06,5.53671e-06,1.52654e-06,0,0,0,0,0,0}:
{0,97,0,0,0,0,0,0,0,0,0,0,0,0,0,0,0,0,0,0,0,0,0,0,0,0,1.66398e-06,7.11372e-06,1.03958e-05,9.33072e-05,0.000167683,0.000363535,0.000717893,0.0015238,0.00284969,0.00465815,0.00717516,0.0114755,0.0156092,0.0223109,0.0309002,0.0397095,0.0470831,0.054871,0.060234,0.0626082,0.0638069,0.0627504,0.0615775,0.0580037,0.0536732,0.0509079,0.0456249,0.040533,0.0375193,0.0303284,0.0272642,0.0230248,0.0210138,0.0175365,0.0143746,0.0129895,0.0108431,0.00943751,0.0077659,0.00690663,0.00625646,0.00512716,0.00433074,0.00346122,0.00277856,0.00251949,0.00172712,0.00202931,0.00146634,0.00113269,0.000990736,0.00090068,0.000932401,0.000665347,0.000596155,0.000744521,0.000378911,0.000192939,0.000131381,0.000102171,5.43902e-05,3.29243e-05,4.34302e-05,1.00507e-05,3.45659e-05,1.76499e-05,7.78272e-06,2.55646e-06,0,0,0,0,0,0}:
{0,97,0,0,0,0,0,0,0,0,0,0,0,0,0,0,0,0,0,0,0,0,0,0,0,0,0,0,1.09677e-05,3.64329e-05,7.7035e-05,0.000192215,0.000488406,0.00084189,0.00173417,0.0029741,0.00477601,0.00778084,0.0120907,0.0164209,0.0232548,0.0304484,0.0378986,0.0472226,0.0529276,0.059081,0.0627349,0.0633645,0.0623365,0.0616401,0.0572091,0.0534842,0.0511267,0.0451105,0.041025,0.0358067,0.0310273,0.0273825,0.023401,0.0201077,0.0171694,0.0147155,0.0134874,0.0115169,0.00944158,0.00806519,0.00647745,0.00519853,0.00458014,0.0040599,0.0027603,0.00265618,0.00277337,0.0022316,0.00157839,0.0017589,0.00129885,0.00138037,0.000747564,0.000676346,0.00056995,0.000726135,0.000412248,0.000229172,0.000110888,8.14063e-05,6.75212e-05,4.24404e-05,3.88702e-05,3.02726e-05,3.7215e-05,2.7798e-06,7.64504e-06,7.63272e-07,0,2.37522e-06,0,0,0,0}:
{0,97,0,0,0,0,0,0,0,0,0,0,0,0,0,0,0,0,0,0,0,0,0,0,0,0,0,1.09563e-05,0,0,3.00192e-05,9.23361e-05,0.000236732,0.000499346,0.000938692,0.0019548,0.0034787,0.00518036,0.00772989,0.0120856,0.0174257,0.0233657,0.0301274,0.0388879,0.0474066,0.0527435,0.0566189,0.0598242,0.0611189,0.0605906,0.0599412,0.0563392,0.0525789,0.0475227,0.0448157,0.0393417,0.0349355,0.0321723,0.0285735,0.0239407,0.0207089,0.0174953,0.0163476,0.0134903,0.0117371,0.00951617,0.00745136,0.00747018,0.00557522,0.00477032,0.00465182,0.00323005,0.00378203,0.00286612,0.0019476,0.00209422,0.00161663,0.00148922,0.00108702,0.00109919,0.000719926,0.000729491,0.000501449,0.00026015,0.000134783,7.58295e-05,3.34182e-05,3.73002e-05,2.975e-05,4.71042e-05,1.41711e-05,2.69604e-05,5.39903e-06,2.28982e-06,0,0,0,0,0,0}:
{0,97,0,0,0,0,0,0,0,0,0,0,0,0,0,0,0,0,0,0,0,0,0,0,0,0,0,0,0,5.52254e-06,3.56847e-05,4.23964e-05,0.000140198,0.00023904,0.000622509,0.00104764,0.00181718,0.0032593,0.00561398,0.00826136,0.013279,0.0171088,0.0238933,0.0306142,0.0381889,0.046698,0.0513534,0.055586,0.0595942,0.0617566,0.0616527,0.0575941,0.0566826,0.0532801,0.0486476,0.0445874,0.0407694,0.0340173,0.0333129,0.0282142,0.0251899,0.0204352,0.0180865,0.015778,0.0136068,0.0118979,0.0100214,0.00804504,0.00628312,0.00616338,0.00445546,0.00430599,0.00334151,0.00304694,0.00288376,0.00186669,0.00183115,0.00140142,0.00136968,0.00119818,0.00135787,0.00114322,0.000436958,0.000234351,0.000163781,8.92761e-05,9.57435e-05,2.92077e-05,3.88702e-05,2.43695e-05,2.21185e-05,1.48701e-05,8.82742e-06,7.63272e-07,2.64162e-06,0,0,0,0,0}:
{0,97,0,0,0,0,0,0,0,0,0,0,0,0,0,0,0,0,0,0,0,0,0,0,0,0,0,0,0,0,7.35707e-06,1.91609e-05,5.69028e-05,0.000208317,0.000332051,0.000634209,0.00122659,0.00219366,0.00375324,0.00585235,0.00915903,0.0128559,0.0182801,0.0234739,0.0303037,0.0380516,0.0465902,0.0510658,0.0554653,0.0559527,0.0598453,0.0594639,0.0585413,0.0547115,0.0517019,0.0481959,0.0443364,0.0412909,0.0365773,0.0324987,0.0270667,0.0244293,0.0216921,0.0189565,0.0156081,0.0137251,0.0122025,0.00938203,0.0085023,0.00704672,0.00629415,0.00467052,0.00445981,0.00354571,0.00258033,0.00266508,0.00212754,0.00170004,0.0016616,0.00124271,0.00116328,0.00122119,0.000602106,0.000264857,0.000150686,0.000132172,8.58482e-05,8.19285e-05,4.34302e-05,1.34411e-05,1.41711e-05,1.48701e-05,1.37136e-05,1.52654e-06,1.32081e-06,2.37522e-06,0,0,0,0}:
{0,97,0,0,0,0,0,0,0,0,0,0,0,0,0,0,0,0,0,0,0,0,0,0,0,0,0,0,0,5.52254e-06,0,5.80887e-06,3.77555e-05,5.83548e-05,0.000157106,0.00040356,0.00070832,0.00142866,0.00234593,0.00442405,0.00621306,0.00936971,0.0120884,0.0175074,0.023877,0.0299329,0.0386784,0.0435248,0.0506564,0.0547522,0.0569753,0.0591932,0.058667,0.0559986,0.0559539,0.0516907,0.0509053,0.0455135,0.0395559,0.0367655,0.0323347,0.0285657,0.0256235,0.0218288,0.0172365,0.0161814,0.0139125,0.0119688,0.0107593,0.00850206,0.00723917,0.00584737,0.00563938,0.00426622,0.00329455,0.00320578,0.00269297,0.00220935,0.00190805,0.00167987,0.00131218,0.00121783,0.000684496,0.000255293,0.000191078,0.000116896,8.3888e-05,5.48037e-05,4.11502e-05,4.87391e-05,4.70133e-05,3.34911e-05,8.68974e-06,7.63272e-07,0,0,0,0,0,0}:
{0,97,0,0,0,0,0,0,0,0,0,0,0,0,0,0,0,0,0,0,0,0,0,0,0,0,0,0,0,0,0,0,5.9943e-06,2.69764e-05,6.07141e-05,0.000234849,0.000432739,0.000815722,0.00145542,0.00264006,0.00414805,0.00632812,0.00986183,0.0135584,0.0187788,0.0250601,0.030177,0.0369602,0.0441783,0.0485641,0.0523773,0.0559402,0.0580208,0.0571847,0.0564103,0.0537703,0.0519374,0.0491241,0.0443771,0.0401676,0.0362755,0.0328341,0.0285708,0.025198,0.021384,0.0195526,0.017103,0.013292,0.0103954,0.0105312,0.00912456,0.00707023,0.00631306,0.0050904,0.00409243,0.00398941,0.00321458,0.00294831,0.00240317,0.0025734,0.00180123,0.00143281,0.000845871,0.000338665,0.00019448,8.86369e-05,9.04535e-05,7.02244e-05,5.64234e-05,4.53486e-05,1.41711e-05,5.1141e-05,1.01475e-05,4.083e-06,4.42384e-06,0,0,0,0,0}:
{0,97,0,0,0,0,0,0,0,0,0,0,0,0,0,0,0,0,0,0,0,0,0,0,0,0,0,0,0,0,0,1.16177e-05,1.19886e-05,2.07007e-05,3.30174e-05,7.24384e-05,0.000267185,0.000431116,0.000801029,0.00161924,0.00252584,0.00413624,0.00667031,0.00990769,0.0141567,0.0195056,0.0239213,0.0318041,0.0375448,0.0434259,0.0484312,0.0532152,0.0547737,0.0576165,0.0561283,0.0557255,0.0531632,0.0504426,0.0484939,0.0446485,0.0410171,0.0365056,0.0323709,0.0281249,0.0252203,0.0215712,0.0190255,0.016466,0.0152423,0.0122545,0.0108946,0.00894579,0.00731863,0.00646954,0.00596791,0.00366365,0.00387258,0.00350569,0.00322316,0.00212855,0.00222563,0.00220793,0.00107949,0.000423207,0.000172204,0.000143701,7.79131e-05,4.6052e-05,4.34302e-05,1.75887e-05,1.94694e-05,1.11192e-05,1.01475e-05,2.55646e-06,0,7.95542e-06,0,0,0,0}:
{0,97,0,0,0,0,0,0,0,0,0,0,0,0,0,0,0,0,0,0,0,0,0,0,0,0,0,0,0,0,0,0,0,6.27568e-06,1.05466e-05,6.04708e-05,0.000140146,0.000235032,0.000498701,0.000967904,0.00172124,0.00263559,0.00472025,0.00681757,0.0104902,0.0142191,0.0192156,0.0258776,0.0310225,0.0372577,0.0423849,0.0469338,0.0534379,0.0547282,0.0546601,0.0561513,0.0545434,0.0535951,0.0503072,0.0476315,0.0438261,0.0408366,0.0362166,0.0328132,0.0304727,0.0251852,0.0219021,0.0192332,0.0166267,0.0146088,0.0114989,0.0106523,0.00853577,0.00834329,0.00623307,0.00546111,0.00452361,0.00356713,0.0034502,0.00349714,0.00223679,0.00219626,0.00123014,0.000403211,0.000282662,0.000151659,0.000121227,6.72722e-05,6.55436e-05,5.53993e-05,2.74168e-05,2.41806e-05,1.22558e-05,0,4.42384e-06,0,0,1.27356e-05,0,0}:
{0,97,0,0,0,0,0,0,0,0,0,0,0,0,0,0,0,0,0,0,0,0,0,0,0,0,0,0,0,0,0,0,5.9943e-06,6.27568e-06,6.60347e-06,2.53016e-05,5.62189e-05,0.00014784,0.000295977,0.000610609,0.00123859,0.00181632,0.00290899,0.00453511,0.00777538,0.010318,0.0146807,0.0201398,0.0251753,0.031035,0.0375269,0.0432532,0.0463812,0.0501865,0.0542904,0.0558196,0.0548949,0.0529181,0.0514275,0.0503291,0.0469762,0.0427367,0.0408843,0.0373192,0.0324219,0.0284458,0.0259048,0.0239784,0.0194313,0.0163661,0.0148217,0.0121339,0.0111454,0.00877286,0.00772615,0.00611481,0.00606315,0.00535978,0.00458906,0.00403382,0.00304541,0.0022859,0.00140116,0.000582106,0.000251369,0.000177362,0.000106135,6.94601e-05,6.32636e-05,3.10298e-05,3.09913e-05,2.59893e-05,1.58219e-05,1.52654e-06,1.32081e-06,0,0,0,0,0}:
{0,97,0,0,0,0,0,0,0,0,0,0,0,0,0,0,0,0,0,0,0,0,0,0,0,0,0,0,0,0,0,0,0,0,0,2.32016e-05,1.77052e-05,7.97488e-05,0.000210835,0.000314539,0.000776196,0.00134042,0.00218928,0.00338328,0.00537575,0.00755528,0.0105769,0.0149036,0.0197353,0.0262186,0.0312863,0.0369848,0.0414513,0.047572,0.0500177,0.0523906,0.0551359,0.0542891,0.0524859,0.0509194,0.0489654,0.0471435,0.0432185,0.0397894,0.035152,0.0342395,0.027079,0.0251112,0.0225564,0.0186177,0.0165027,0.0147946,0.0132503,0.0112743,0.0103459,0.00798468,0.00656335,0.00588857,0.00520037,0.00466843,0.00350542,0.00286334,0.00177333,0.000597643,0.000278666,0.000198127,9.89792e-05,8.85974e-05,6.40601e-05,2.60044e-05,6.19827e-05,2.32095e-05,1.51524e-05,1.52654e-06,5.74465e-06,2.37522e-06,0,0,0,0}:
{0,97,0,0,0,0,0,0,0,0,0,0,0,0,0,0,0,0,0,0,0,0,0,0,0,0,0,0,0,0,0,0,0,0,0,0,1.54055e-05,2.98909e-05,0.000101362,0.000173338,0.000339468,0.000815991,0.00148332,0.00222298,0.00412046,0.00570529,0.00708959,0.0108247,0.0150215,0.0191774,0.0252841,0.0321417,0.035232,0.0422049,0.0460829,0.0489073,0.0518175,0.0542346,0.0532577,0.0538032,0.0513547,0.049173,0.0475009,0.0426506,0.0382147,0.0354776,0.0329247,0.0295684,0.0267945,0.0226862,0.0193543,0.0179417,0.01556,0.013365,0.0109066,0.0096797,0.00824947,0.00661897,0.00564743,0.00562848,0.00441391,0.00373763,0.00215675,0.000668841,0.000344572,0.000147912,0.000187567,0.000159586,6.0187e-05,3.94455e-05,3.09913e-05,4.93323e-05,1.25312e-05,1.52654e-06,0,0,0,0,0,0}:
{0,97,0,0,0,0,0,0,0,0,0,0,0,0,0,0,0,0,0,0,0,0,0,0,0,0,0,0,0,0,0,0,0,0,0,7.03383e-06,7.70273e-06,1.91003e-05,1.81097e-05,0.000112989,0.000211428,0.000439064,0.000901641,0.0013158,0.00213231,0.00340817,0.00571112,0.00845627,0.0117949,0.0165157,0.0209362,0.0249469,0.030505,0.0356906,0.0403618,0.0472659,0.0491137,0.0516992,0.0536364,0.0540979,0.052475,0.051216,0.0501562,0.0479445,0.0432106,0.0392404,0.0360726,0.0332085,0.0290471,0.0261923,0.0235693,0.0203579,0.017176,0.0149197,0.0125071,0.0104,0.00927244,0.00923358,0.00641765,0.00591113,0.00561118,0.00445209,0.00249572,0.00078752,0.000313197,0.000193277,0.000163171,0.000104572,9.91667e-05,5.87897e-05,3.98642e-05,3.90507e-05,2.21469e-05,6.63946e-06,0,0,0,0,0,0}:
{0,97,0,0,0,0,0,0,0,0,0,0,0,0,0,0,0,0,0,0,0,0,0,0,0,0,0,0,0,0,0,0,0,0,0,0,0,2.48098e-06,2.08132e-05,7.40174e-05,0.000133459,0.000259373,0.000602708,0.000907173,0.00152449,0.0024024,0.00381386,0.00616591,0.00863488,0.0124894,0.0162493,0.0189925,0.0249097,0.0316664,0.0351984,0.0425001,0.0452218,0.0487153,0.0507776,0.0537926,0.0538192,0.0524312,0.0502178,0.0472458,0.0453311,0.042487,0.0386883,0.0361538,0.0316411,0.0304968,0.0256664,0.0233089,0.020182,0.0188605,0.0159551,0.0130243,0.0121338,0.0100826,0.00803549,0.00696196,0.00622629,0.00543159,0.00291499,0.000984844,0.000392793,0.000190169,0.000156605,0.000114088,6.70271e-05,4.87391e-05,4.34388e-05,2.32095e-05,1.34382e-05,1.52654e-06,2.64162e-06,7.95542e-06,0,0,0,0}:
{0,97,0,0,0,0,0,0,0,0,0,0,0,0,0,0,0,0,0,0,0,0,0,0,0,0,0,0,0,0,0,0,0,0,0,0,0,0,2.08132e-05,4.4789e-05,3.09342e-05,0.000140616,0.000312696,0.000669188,0.000874329,0.00148308,0.0027282,0.00401628,0.00613818,0.00875967,0.012726,0.0156411,0.0212676,0.0272113,0.0317655,0.0361901,0.0413278,0.0442411,0.0498151,0.0494792,0.0514587,0.0516079,0.0514892,0.0488195,0.0478919,0.0455696,0.0449208,0.0395557,0.036572,0.0336679,0.0291376,0.0261739,0.0233892,0.0214468,0.0180184,0.0152216,0.013109,0.011311,0.0115326,0.00809468,0.00755742,0.00623905,0.00351049,0.001173,0.000447631,0.00022017,0.000171696,6.13676e-05,8.53769e-05,0.000115187,1.1522e-05,3.80796e-05,1.46395e-05,2.28982e-06,4.42384e-06,0,0,0,0,0}:
{0,97,0,0,0,0,0,0,0,0,0,0,0,0,0,0,0,0,0,0,0,0,0,0,0,0,0,0,0,0,0,0,0,0,0,0,0,0,0,9.74281e-06,5.66036e-05,6.79854e-05,0.000159419,0.000387808,0.000637519,0.00122258,0.00150339,0.00283016,0.00423507,0.00606038,0.008469,0.011742,0.0170413,0.0212418,0.0267882,0.0313735,0.0352827,0.0408601,0.0434316,0.0479244,0.0500982,0.050135,0.0532903,0.0523515,0.050886,0.0478317,0.0456199,0.0426011,0.0377589,0.0357845,0.0313808,0.0283772,0.0269226,0.0229465,0.0210547,0.0183761,0.0155731,0.0135392,0.0117769,0.0100033,0.00828407,0.00713669,0.00378407,0.00126187,0.000509378,0.000275874,0.000174341,0.000119993,9.22171e-05,4.87391e-05,7.80047e-05,2.32095e-05,1.8049e-05,2.28982e-06,2.64162e-06,0,0,0,0,0}:
{0,97,0,0,0,0,0,0,0,0,0,0,0,0,0,0,0,0,0,0,0,0,0,0,0,0,0,0,0,0,0,0,0,0,0,0,0,8.30965e-06,0,9.74281e-06,2.45551e-05,7.2631e-05,6.60359e-05,0.000198518,0.000414621,0.000800034,0.00128597,0.0020023,0.00297089,0.00470336,0.00689535,0.00980567,0.0120317,0.0166728,0.0217401,0.0247202,0.0311359,0.0362498,0.0388333,0.0439158,0.047443,0.0484861,0.0498557,0.0514966,0.051506,0.0494862,0.047498,0.047438,0.0428115,0.0379954,0.0361306,0.0324717,0.0295521,0.0260918,0.0238481,0.0207203,0.0183982,0.0157071,0.0132791,0.0125475,0.0103418,0.00916198,0.00496072,0.00153981,0.000513292,0.000260422,0.000193353,0.000107525,9.14206e-05,7.05959e-05,4.4237e-05,6.42024e-05,1.89749e-05,1.52654e-06,0,0,0,0,0,0}:
{0,97,0,0,0,0,0,0,0,0,0,0,0,0,0,0,0,0,0,0,0,0,0,0,0,0,0,0,0,0,0,0,0,0,0,0,0,0,0,0,2.45551e-05,3.44288e-06,3.2368e-05,0.000111729,0.000166437,0.000436343,0.000686213,0.00123024,0.00247692,0.00340643,0.00461844,0.00728388,0.009418,0.0124356,0.0159392,0.0213161,0.0253232,0.0299811,0.0354388,0.0386329,0.0443865,0.0462923,0.0479294,0.0484276,0.0510549,0.0491931,0.0500161,0.0466789,0.0428399,0.0427975,0.0393961,0.0361579,0.0333331,0.0290098,0.0265688,0.0243293,0.0204284,0.0180511,0.0167763,0.0139321,0.012824,0.0108837,0.00567602,0.00177643,0.000608278,0.000300937,0.000127107,0.000136732,9.52936e-05,6.46928e-05,4.25133e-05,2.50182e-05,3.59981e-05,4.083e-06,2.64162e-06,0,0,0,0,0}:
{0,97,0,0,0,0,0,0,0,0,0,0,0,0,0,0,0,0,0,0,0,0,0,0,0,0,0,0,0,0,0,0,0,0,0,0,0,0,0,0,3.18953e-06,2.65056e-05,1.9905e-05,3.02391e-05,0.000105762,0.000251443,0.000391269,0.00113363,0.00170611,0.00217482,0.0037956,0.00552437,0.00663237,0.0102484,0.0135847,0.0164348,0.0214521,0.0259251,0.031643,0.0363558,0.0375903,0.0432462,0.043964,0.0486934,0.0493792,0.0502676,0.0505135,0.0453862,0.0469695,0.0432191,0.0416787,0.0389102,0.0356905,0.0329831,0.0302794,0.0269104,0.0242923,0.0216436,0.0183432,0.0160612,0.0144084,0.0120354,0.00672422,0.0020373,0.000660227,0.000367619,0.000157102,0.00013892,9.82607e-05,6.13024e-05,5.66844e-05,3.62709e-05,3.21756e-05,5.60955e-06,1.32081e-06,0,0,0,0,0}:
{0,97,0,0,0,0,0,0,0,0,0,0,0,0,0,0,0,0,0,0,0,0,0,0,0,0,0,0,0,0,0,0,0,0,0,0,0,0,0,0,0,3.44288e-06,1.2463e-05,6.57782e-05,3.66589e-05,0.000133303,0.000307711,0.000538033,0.000842901,0.00160119,0.0021726,0.00361507,0.00491101,0.00786419,0.0106616,0.0132043,0.0175267,0.0219886,0.0255921,0.0301329,0.0338065,0.0403,0.0413215,0.0448786,0.0478831,0.0491115,0.0486039,0.0500567,0.0467237,0.047099,0.0452145,0.0418376,0.0384879,0.0348438,0.0320292,0.0286372,0.0267392,0.0237052,0.0211367,0.0178341,0.0166016,0.0145317,0.00791594,0.00250772,0.000788556,0.000407958,0.000237257,0.000155,0.00011672,8.06466e-05,4.25133e-05,3.15489e-05,2.50434e-05,4.84628e-06,0,0,0,0,0,0}:
{0,97,0,0,0,0,0,0,0,0,0,0,0,0,0,0,0,0,0,0,0,0,0,0,0,0,0,0,0,0,0,0,0,0,0,0,0,0,0,0,0,0,1.2463e-05,4.33947e-05,5.92027e-05,6.97057e-05,0.000188526,0.000227191,0.00058224,0.000924138,0.00161609,0.00263411,0.00388197,0.00549597,0.00804215,0.0103305,0.0132465,0.0169599,0.0219865,0.0258593,0.0305055,0.0354457,0.037863,0.0439088,0.0456337,0.0470263,0.0464481,0.0485084,0.0473116,0.0469247,0.0469219,0.0446659,0.0412248,0.0393784,0.0325831,0.0321017,0.029362,0.0281347,0.0238463,0.0212983,0.0180103,0.0161723,0.00933875,0.00301258,0.000955739,0.000402557,0.000203651,0.000156529,0.00014408,8.90624e-05,5.93335e-05,5.57295e-05,1.64725e-05,4.083e-06,8.84768e-06,0,0,0,0,0}:
{0,97,0,0,0,0,0,0,0,0,0,0,0,0,0,0,0,0,0,0,0,0,0,0,0,0,0,0,0,0,0,0,0,0,0,0,0,0,0,0,1.06828e-05,0,0,0,3.24446e-05,9.05425e-06,0.000125684,0.000135654,0.000453282,0.000580249,0.00114434,0.00155651,0.00262967,0.0038121,0.00588821,0.00814429,0.010764,0.0142369,0.0176387,0.0215814,0.0272068,0.0307976,0.034063,0.0386471,0.0415922,0.0453136,0.0456038,0.0464661,0.0503914,0.0491964,0.0481981,0.0451819,0.0464278,0.0403397,0.0382121,0.036239,0.0321166,0.0291708,0.0258323,0.0243588,0.0202979,0.017246,0.0107679,0.00341469,0.001206,0.000478211,0.0002502,0.00020345,0.000115127,9.64797e-05,0.000102772,4.08594e-05,2.75459e-05,2.28982e-06,3.96243e-06,0,0,0,0,0}:
{0,97,0,0,0,0,0,0,0,0,0,0,0,0,0,0,0,0,0,0,0,0,0,0,0,0,0,0,0,0,0,0,0,0,0,0,0,0,0,0,0,0,1.2463e-05,0,1.41151e-05,1.969e-05,5.80257e-05,4.23464e-05,0.000251976,0.000375087,0.000409602,0.000912135,0.00163256,0.00270707,0.00378219,0.00574407,0.00868502,0.0108611,0.0141466,0.0180543,0.0222511,0.0261932,0.0310708,0.0355192,0.0399942,0.0409957,0.0438241,0.047151,0.0480084,0.0491235,0.0450133,0.0452024,0.0458526,0.0419327,0.0412102,0.038412,0.0348802,0.0324813,0.0288964,0.0270697,0.0240303,0.0218065,0.0125001,0.00399648,0.00121502,0.00054864,0.000292923,0.000192405,0.000134851,6.72055e-05,0.000108071,5.39208e-05,3.17625e-05,9.19592e-06,0,7.95542e-06,0,0,0,0}:
{0,97,0,0,0,0,0,0,0,0,0,0,0,0,0,0,0,0,0,0,0,0,0,0,0,0,0,0,0,0,0,0,0,0,0,0,0,0,0,0,0,0,0,0,0,2.42171e-05,6.93406e-05,6.11054e-05,0.000112439,0.000255165,0.000403569,0.000585576,0.00113871,0.00184278,0.00279899,0.003981,0.00609844,0.00839853,0.0114121,0.0144693,0.0175781,0.0212638,0.0266904,0.029731,0.0327879,0.0378007,0.0415316,0.0434476,0.0464062,0.0461637,0.0476087,0.0477112,0.0458407,0.0457642,0.0427792,0.0418633,0.0390394,0.0359379,0.0331968,0.0303693,0.0268843,0.0245574,0.0142974,0.00470628,0.00159853,0.000618892,0.000296159,0.000179173,0.000121171,0.000108407,0.000103571,5.47584e-05,2.80588e-05,0,5.74465e-06,0,0,0,0,8.20835e-05}:
{0,97,0,0,0,0,0,0,0,0,0,0,0,0,0,0,0,0,0,0,0,0,0,0,0,0,0,0,0,0,0,0,0,0,0,0,0,0,0,0,0,0,0,3.92783e-06,0,2.87442e-05,9.6324e-06,7.1249e-05,7.42414e-05,0.000243605,0.000373113,0.00128498,0.00213158,0.00328501,0.00637304,0.00890519,0.0131163,0.0212022,0.0290825,0.0400056,0.0551013,0.070897,0.0914644,0.11188,0.138505,0.168506,0.196346,0.225658,0.255803,0.27761,0.304379,0.324105,0.332858,0.344741,0.355221,0.355529,0.356469,0.345908,0.3359,0.316575,0.305356,0.28536,0.197867,0.0792764,0.0268333,0.00937912,0.00401489,0.00226503,0.00153349,0.00114137,0.000734248,0.0005798,0.000286025,5.63621e-05,1.67725e-05,7.95542e-06,5.10612e-06,0,0,0}:
{0,97,0,0,0,0,0,0,0,0,0,0,0,0,0,0,0,0,0,0,0,0,0,0,0,0,0,0,0,0,0,0,0,0,0,0,0,0,0,0,0,0,0,0,0,0,0,0,0,0,1.20665e-05,6.25686e-06,1.30229e-05,8.2164e-05,5.8895e-05,0.000229613,0.000443314,0.000754876,0.00158925,0.00239538,0.00395463,0.00632833,0.00881182,0.0121464,0.0188446,0.0258435,0.0364652,0.0488044,0.0632472,0.0814904,0.0996203,0.121002,0.144105,0.171006,0.19588,0.220267,0.242181,0.267217,0.286604,0.306486,0.318353,0.330342,0.31821,0.201393,0.0857847,0.030508,0.011295,0.00485851,0.00252769,0.00162601,0.00127103,0.000821473,0.000391009,7.68138e-05,3.70461e-05,1.42513e-05,1.53183e-05,0,0,0}:
{0,97,0,0,0,0,0,0,0,0,0,0,0,0,0,0,0,0,0,0,0,0,0,0,0,0,0,0,0,0,0,0,0,0,0,0,0,0,0,0,0,0,0,0,0,0,0,0,0,0,0,0,0,0,3.06796e-05,0,0,7.98055e-06,2.46299e-05,1.6744e-05,0.000161502,0.000136615,0.000269875,0.000472324,0.00106273,0.00164385,0.00245841,0.00336153,0.00575493,0.00878927,0.0128055,0.0172211,0.0249809,0.0346111,0.0470729,0.0605477,0.0764971,0.0948623,0.120556,0.146961,0.175768,0.207061,0.363215,0.553736,0.492614,0.291216,0.12979,0.050063,0.0196741,0.00914465,0.00551466,0.00344028,0.00121724,0.000262765,0.000111663,1.66265e-05,1.53183e-05,1.27356e-05,0,0}:
{0,97,0,0,0,0,0,0,0,0,0,0,0,0,0,0,0,0,0,0,0,0,0,0,0,0,0,0,0,0,0,0,0,0,0,0,0,0,0,0,0,0,0,0,0,0,0,0,0,0,0,0,0,0,0,0,0,0,0,0,0,0,0,0,0,0,0,0,0,0,0,3.42937e-05,0.000103433,0.000147233,0.000147787,0.000349567,0.000515156,0.000616601,0.000978906,0.00166171,0.0022552,0.00339799,0.0214946,0.129508,0.350632,0.517739,0.470239,0.29741,0.143786,0.0589534,0.0245221,0.0116808,0.0027253,0.000530984,0.000171226,9.67824e-05,3.75266e-05,2.54711e-05,0,0}:
{0,97,0,0,0,0,0,0,0,0,0,0,0,0,0,0,0,0,0,0,0,0,0,0,0,0,0,0,0,0,0,0,0,0,0,0,0,0,0,0,0,0,0,0,0,0,0,0,0,0,0,0,0,0,0,0,0,0,0,0,0,0,0,0,0,0,0,0,0,0,0,0,0,0,0,0,0,0,0,0,0,0,0.000138114,0.00282803,0.0310696,0.139468,0.3418,0.484893,0.451052,0.299092,0.153553,0.0685382,0.00837308,0.000699913,0.000213094,7.93261e-05,8.37268e-05,6.81268e-05,3.25946e-05,0}:
{0,97,0,0,0,0,0,0,0,0,0,0,0,0,0,0,0,0,0,0,0,0,0,0,0,0,0,0,0,0,0,0,0,0,0,0,0,0,0,0,0,0,0,0,0,0,0,0,0,0,0,0,0,0,0,0,0,0,0,0,0,0,0,0,0,0,0,0,0,0,0,0,0,0,0,0,0,0,0,0,0,0,0,1.56878e-06,0.000269403,0.00498759,0.0380955,0.149717,0.331273,0.461213,0.430398,0.297648,0.0404383,0.00108689,0.000315512,0.000175393,6.9947e-05,1.27356e-05,0,0}:
{0,97,0,0,0,0,0,0,0,0,0,0,0,0,0,0,0,0,0,0,0,0,0,0,0,0,0,0,0,0,0,0,0,0,0,0,0,0,0,0,0,0,0,0,0,0,0,0,0,0,0,0,0,0,0,0,0,0,0,0,0,0,0,0,0,0,0,0,0,0,0,0,0,0,0,0,0,0,0,0,0,0,0,0,1.70095e-06,1.4637e-05,0.000670419,0.0078436,0.0467876,0.156459,0.324036,0.438791,0.130691,0.00163688,0.000452795,0.000215056,7.50532e-05,0.000140703,3.25946e-05,8.20835e-05};
>
