energy(#dis_nut)<
@energy =
{0,97,0,0,0,0,0,0,0,0,0,0,0,0,0,0,0,0,0,0,0,0,0,0,0,0,0,0,0,0,0,0,0,0,0,0,0,0,0,0,0,0,0,0,0,0,0,0,0,0,0,0,0,0,0,0,0,0,0,0,0,0,0,0,0,0,0,0,0,0,0,0,0,0,0,0,0,0,0,0,0,0,0,0,0,0,0,0,0,0,0,0,0,0,0,0,0,0,0,0}:
{0,97,0,0,0,0,0,0,0,0,0,0,0,0,0,0,0,0,0,0,0,0,0,0,0,0,0,0,0,0,0,0,0,0,0,0.000450166,0,0,0,0.00037811,0,0,0,0,0,0,0.00010963,0,0.000111339,0,0.000116905,0,0.000122629,0,0.000125995,0,0,0.000129575,0,0,0,0,0,0,0,0.00012187,0,0.000121042,0.000421846,0,0,0,0,0,0,0,0,0,0,0,0,0,0,0,0,1.22353e-05,0,0,0,0,0,4.6196e-05,0,0,0,0,0,0,0,0}:
{0,97,0,0,0,0,0,0,0,0,0,0,0,0,0,0,0,0,0,0,0,0,0,0,0,0,0,0,0,0,0,0,0,0,0,0,0.000457816,0.00025492,0.000726045,0.00037811,0,0,0.00105117,0,0.00155951,0.0014114,0.000367187,0,0,0,0.00023381,0.00011793,0,0,0,0,0,0,0,0.000870042,0,0.000129352,0,0,0.000125007,0.00012187,0,0,0,0.000392822,0.000380399,0,0.000113387,0,0,0,0.000104732,0.00010823,0.000107027,0,0,0,0.000132359,4.10866e-05,4.0856e-05,1.22353e-05,1.22977e-05,0,0,0,0,0,5.67235e-06,2.71248e-06,0,0,0,0,0,0}:
{0,97,0,0,0,0,0,0,0,0,0,0,0,0,0,0,0,0,0,0,0,0,0,0,0,0,0,0,0,0,0,0,0,0,0.00392284,0.0014849,0.00183126,0.00140818,0.000726045,0.000982003,0.00195508,0.00139394,0.0012604,0.000914769,0.00108361,0.00105855,0,0.00130294,0.000595592,0.000225941,0.000116905,0.000394986,0,0,0.00025199,0.00111401,0.000999279,0.000129575,0.000430912,0,0.00012622,0.000433244,0.000130588,0,0.000668706,0.00012187,0,0.000647495,0.000125949,0.000392822,0.000380399,0,0.000379772,0,0.000355306,0,0.000104732,0.00021646,0.000107027,0,0.000450921,0.000433267,6.61795e-05,0.000147794,1.21982e-05,1.22353e-05,0.000119272,5.592e-05,1.27498e-05,1.34289e-05,4.5579e-05,4.6196e-05,6.77429e-06,0,4.1558e-06,0,0,0,0,0}:
{0,97,0,0,0,0,0,0,0,0,0,0,0,0,0,0,0,0,0,0,0,0,0,0,0,0,0,0,0,0,0,0,0,0,0.0365856,0.0274942,0.0289248,0.0327766,0.0225348,0.0182568,0.0271123,0.0233919,0.0174779,0.023305,0.019899,0.0125503,0.0183435,0.014619,0.0124403,0.0125042,0.0120453,0.00918562,0.0104588,0.00956029,0.0115018,0.00869456,0.0108889,0.0117443,0.0105419,0.00764265,0.00734501,0.0100816,0.00789971,0.00766966,0.00493096,0.00456348,0.0039796,0.00477455,0.0058118,0.00537096,0.00531467,0.0038287,0.00872387,0.00433709,0.00280029,0.0041614,0.00402646,0.00249449,0.00354217,0.00250163,0.00555095,0.00269444,0.00251855,0.00248561,0.00163557,0.00129251,0.00109804,0.000950639,0.00108295,0.000965414,0.000769436,0.000557846,0.000315551,0.00014144,4.30098e-05,0,1.34911e-05,0,0,0}:
{0,97,0,0,0,0,0,0,0,0,0,0,0,0,0,0,0,0,0,0,0,0,0,0,0,0,0,0,0,0,0,0,0,0,0.0752456,0.0585897,0.067327,0.0580854,0.0494638,0.0504588,0.0407209,0.0433498,0.0337635,0.0323843,0.0303043,0.0323683,0.0298585,0.0328654,0.0239068,0.0238896,0.026516,0.0230755,0.0300704,0.0202587,0.0192558,0.0225303,0.0201874,0.0190644,0.0148836,0.0169738,0.0151007,0.015921,0.0183844,0.0141865,0.0124614,0.0144275,0.0157214,0.0107653,0.00745518,0.0128996,0.00853988,0.00816999,0.0089452,0.0056181,0.0114555,0.00831751,0.00777028,0.00959323,0.00744281,0.0090837,0.00672263,0.00429309,0.00542985,0.00534586,0.00380286,0.003204,0.00271377,0.00255435,0.00233733,0.0015676,0.00152461,0.00166107,0.000846756,0.000371704,0.000248695,0.000118081,9.91506e-05,6.31923e-05,0.00042218,0}:
{0,97,0,0,0,0,0,0,0,0,0,0,0,0,0,0,0,0,0,0,0,0,0,0,0,0,0,0,0,0,0,0,0,0,0.064489,0.0616534,0.0545971,0.0585062,0.0491008,0.0504588,0.0396472,0.0378757,0.0367708,0.0367528,0.0327192,0.035681,0.0320616,0.0337736,0.0256265,0.0288371,0.0309048,0.0186184,0.0203784,0.0226444,0.0194637,0.025232,0.021881,0.0230875,0.0234957,0.0160646,0.0184386,0.0201959,0.0151984,0.0134878,0.0141738,0.0136111,0.0122045,0.0103541,0.0135629,0.0102318,0.0148137,0.0137546,0.0125558,0.0074263,0.00932875,0.00905507,0.00994313,0.0076295,0.00765686,0.0075049,0.00744836,0.00898943,0.00614173,0.00591133,0.00434811,0.00310553,0.00309988,0.00245537,0.00201675,0.0016616,0.00146542,0.00173901,0.000921435,0.000421867,0.000245791,0.000154388,0.000117355,3.15961e-05,0,0}:
{0,97,0,0,0,0,0,0,0,0,0,0,0,0,0,0,0,0,0,0,0,0,0,0,0,0,0,0,0,0,0,0,0,0,0.0667226,0.0624598,0.0681472,0.0524527,0.0511653,0.0499337,0.0568354,0.0425544,0.0374716,0.0375891,0.0375905,0.0370874,0.0369063,0.0348498,0.0315542,0.035196,0.030888,0.0251215,0.0261286,0.0225598,0.0299197,0.0277486,0.0238342,0.0229251,0.0249946,0.0207591,0.0196688,0.0175574,0.0187761,0.0216847,0.0205732,0.0156462,0.0147455,0.0105597,0.0133869,0.0138025,0.0154952,0.013313,0.0132361,0.0134232,0.0119169,0.0107889,0.00798478,0.00940938,0.0115252,0.0125798,0.00807539,0.0087554,0.00846039,0.00707654,0.0052781,0.00424325,0.00336361,0.00333987,0.00260892,0.00180058,0.00215321,0.00206172,0.00109669,0.000443567,0.000233324,0.000136071,1.34911e-05,0,0,0}:
{0,97,0,0,0,0,0,0,0,0,0,0,0,0,0,0,0,0,0,0,0,0,0,0,0,0,0,0,0,0,0,0,0,0,0.0726109,0.0692593,0.0648535,0.0550525,0.0561445,0.0540087,0.0503756,0.0498175,0.047701,0.0438239,0.0389169,0.0390356,0.0363529,0.0359039,0.0292443,0.0341684,0.036212,0.0278396,0.0292002,0.0240189,0.0271797,0.0324669,0.0208692,0.0250826,0.0273615,0.0222848,0.0227543,0.0236166,0.0234049,0.020011,0.0201485,0.0174008,0.0202522,0.0183778,0.0162958,0.014348,0.0148425,0.0146274,0.014523,0.0159574,0.013232,0.012776,0.0103986,0.0120551,0.0106265,0.0109343,0.0103612,0.00892461,0.00840971,0.00705881,0.00568975,0.00466839,0.00404294,0.00358663,0.00270262,0.00265857,0.00246751,0.00196932,0.00118763,0.000675039,0.000347381,0.000158804,7.21684e-05,3.15961e-05,0,0}:
{0,97,0,0,0,0,0,0,0,0,0,0,0,0,0,0,0,0,0,0,0,0,0,0,0,0,0,0,0,0,0,0,0,0,0.0666641,0.0675525,0.061102,0.0582513,0.0569032,0.057564,0.0500504,0.0444927,0.0522976,0.0426621,0.0429219,0.0433333,0.0427483,0.0419053,0.0433654,0.0364387,0.0393853,0.0326618,0.0286668,0.0297708,0.0287797,0.0273644,0.024477,0.0277771,0.0266733,0.0228888,0.0219408,0.0217091,0.0253243,0.0201825,0.0201862,0.0196855,0.014486,0.0195882,0.0192047,0.0181236,0.0167896,0.0158707,0.0159574,0.0131265,0.01678,0.0129963,0.0146712,0.00850054,0.0139172,0.0124464,0.015119,0.0118627,0.00952985,0.00861951,0.00619414,0.00549905,0.00435957,0.00352947,0.00320615,0.00302648,0.00290428,0.00219549,0.00124825,0.000510692,0.000322446,0.000213428,0.000229996,0.000105826,0,0}:
{0,97,0,0,0,0,0,0,0,0,0,0,0,0,0,0,0,0,0,0,0,0,0,0,0,0,0,0,0,0,0,0,0,0,0.0514908,0.0567485,0.0544192,0.052918,0.0523197,0.0520447,0.0475724,0.0419507,0.0492437,0.0460374,0.0432257,0.0378933,0.0413509,0.0453815,0.0433372,0.0300457,0.0368838,0.0324259,0.0395053,0.0360918,0.0261976,0.0301941,0.0273388,0.0242989,0.0260749,0.024402,0.0247237,0.0246639,0.0214791,0.0185088,0.022736,0.0195636,0.0237813,0.0208525,0.018317,0.0153272,0.0201229,0.0175452,0.0167511,0.0188704,0.013333,0.0145046,0.0164617,0.0118713,0.0165761,0.0119337,0.0124447,0.0107225,0.0092231,0.00769846,0.00680815,0.00544098,0.00443647,0.00386499,0.00379064,0.00293717,0.00251178,0.002865,0.00134774,0.000572261,0.000251199,0.000265681,0.000211792,0.000169018,0,0}:
{0,97,0,0,0,0,0,0,0,0,0,0,0,0,0,0,0,0,0,0,0,0,0,0,0,0,0,0,0,0,0,0,0,0,0.0511481,0.0599402,0.0517613,0.0569767,0.0464134,0.0512544,0.0496482,0.0532193,0.0516599,0.0477351,0.0379041,0.0389887,0.0409401,0.0346609,0.0381889,0.0344624,0.0399346,0.0410219,0.0407257,0.0322835,0.0312115,0.0320827,0.0267289,0.0297207,0.0283908,0.027843,0.0257516,0.0224011,0.020735,0.0274631,0.0213233,0.0200878,0.0158863,0.0199148,0.023757,0.0199591,0.0192937,0.0243785,0.0184628,0.0156607,0.0148923,0.0149887,0.0138749,0.0132782,0.0118837,0.0127898,0.00960427,0.0112254,0.0112647,0.00866,0.00627703,0.00553693,0.00565555,0.00422235,0.00439617,0.00366831,0.0029274,0.00314085,0.00142105,0.000650366,0.000455632,0.000240577,8.56595e-05,0,0.000264336,0}:
{0,97,0,0,0,0,0,0,0,0,0,0,0,0,0,0,0,0,0,0,0,0,0,0,0,0,0,0,0,0,0,0,0,0,0.062582,0.056164,0.0513035,0.0493308,0.0500815,0.0523888,0.0450717,0.049748,0.0438152,0.0424885,0.0442739,0.0420323,0.0418607,0.0423053,0.0391185,0.0365516,0.0354289,0.0351497,0.043196,0.0336157,0.0338376,0.0308406,0.0312968,0.0267733,0.0257154,0.0290574,0.027689,0.0268567,0.0268583,0.0264024,0.022617,0.0221713,0.0216083,0.0211252,0.0172214,0.0190209,0.0203159,0.0186033,0.02124,0.0165403,0.0211497,0.0163869,0.0118283,0.014474,0.0126329,0.0124464,0.0129631,0.0124256,0.011507,0.00992217,0.00804912,0.00603431,0.00555169,0.00492809,0.0033974,0.00292245,0.00273902,0.0026189,0.00176825,0.000786251,0.000334914,0.000254152,0.000144337,9.47884e-05,0.000264336,0}:
{0,97,0,0,0,0,0,0,0,0,0,0,0,0,0,0,0,0,0,0,0,0,0,0,0,0,0,0,0,0,0,0,0,0,0.0507046,0.0530128,0.0536403,0.0527522,0.0521512,0.0501541,0.0457327,0.0480709,0.0528157,0.0450225,0.044446,0.0489471,0.0392138,0.0426401,0.0389347,0.0408608,0.0378247,0.039341,0.0324062,0.037624,0.0319856,0.0328125,0.0305117,0.0305496,0.0363146,0.0292718,0.0302316,0.0300577,0.0272957,0.028392,0.0245734,0.0255353,0.0249159,0.0251254,0.0196205,0.0188626,0.0202762,0.0153477,0.0188822,0.0195579,0.0161755,0.0157979,0.0160011,0.0141493,0.0143879,0.0134409,0.0122686,0.0151296,0.0134671,0.00902121,0.00794611,0.0067805,0.00608774,0.00504442,0.00376959,0.00395226,0.00314513,0.00239274,0.00170241,0.000686446,0.000364005,0.000167637,0.000243487,0.000243248,7.89219e-05,0.000187224}:
{0,97,0,0,0,0,0,0,0,0,0,0,0,0,0,0,0,0,0,0,0,0,0,0,0,0,0,0,0,0,0,0,0,0,0.0374807,0.0457696,0.0522668,0.044214,0.0475782,0.0467171,0.0539937,0.0478199,0.0441605,0.0541119,0.042917,0.0467564,0.0409454,0.0466845,0.0365752,0.0394943,0.0373106,0.0372013,0.0330135,0.0337484,0.0334596,0.0289459,0.0407641,0.0312428,0.0269244,0.0253112,0.0331727,0.0276842,0.031742,0.0268375,0.0248671,0.0209409,0.0220771,0.0241206,0.0270757,0.0187863,0.0189872,0.0180145,0.0178904,0.0180796,0.0176657,0.0172678,0.016603,0.015448,0.0201182,0.014738,0.0164405,0.0121267,0.013153,0.0113596,0.00981329,0.00712368,0.00653164,0.00527585,0.00451214,0.00438391,0.00354994,0.00277194,0.00180857,0.000764421,0.000477863,0.000256523,0.00014905,0.000137422,0.000157844,0}:
{0,97,0,0,0,0,0,0,0,0,0,0,0,0,0,0,0,0,0,0,0,0,0,0,0,0,0,0,0,0,0,0,0,0,0.056476,0.0482423,0.0476887,0.044386,0.0507697,0.0407408,0.0490204,0.0481031,0.0479102,0.0413951,0.0450134,0.0320104,0.0407592,0.0408838,0.0425418,0.0385905,0.0411853,0.0359752,0.0308372,0.0334639,0.0298256,0.0340932,0.0355535,0.0353111,0.0278435,0.0293892,0.0257516,0.026986,0.029522,0.0239252,0.0224483,0.0248099,0.0244975,0.0211311,0.0221896,0.0237235,0.0189079,0.0173928,0.0210024,0.0194096,0.0207944,0.0163047,0.0187026,0.0190026,0.0164588,0.0155014,0.015114,0.0160261,0.0129631,0.010476,0.00800225,0.0067665,0.00591751,0.0050091,0.00461353,0.00357027,0.0031812,0.00301256,0.00161428,0.000742721,0.000439208,0.000265355,0.000234709,0.000105826,0,0}:
{0,97,0,0,0,0,0,0,0,0,0,0,0,0,0,0,0,0,0,0,0,0,0,0,0,0,0,0,0,0,0,0,0,0,0.0416797,0.04063,0.0452629,0.035421,0.0518914,0.0484213,0.045738,0.0438195,0.0350189,0.0442496,0.0450939,0.0414637,0.0440969,0.0380668,0.0337086,0.0416067,0.037936,0.0367651,0.030592,0.03232,0.0314635,0.0310844,0.0294671,0.0303295,0.029902,0.0290903,0.0238842,0.0271543,0.0282554,0.0271471,0.0248235,0.0219584,0.0234392,0.0228679,0.0224415,0.0234126,0.022564,0.0178015,0.0188767,0.0168039,0.0176977,0.0143892,0.0176503,0.0166438,0.0162447,0.0189568,0.0143833,0.0175552,0.0132432,0.00996074,0.00832058,0.00687721,0.00640496,0.00540953,0.00481814,0.00397847,0.00319957,0.00333942,0.00199137,0.000983148,0.000551814,0.000304034,0.000112642,6.31923e-05,0,0}:
{0,97,0,0,0,0,0,0,0,0,0,0,0,0,0,0,0,0,0,0,0,0,0,0,0,0,0,0,0,0,0,0,0,0,0.0439798,0.0447349,0.0407325,0.0392186,0.0427557,0.0380206,0.0373563,0.0461376,0.0460536,0.04344,0.0421067,0.0385673,0.036172,0.0354283,0.038924,0.0412392,0.0315542,0.0408273,0.043196,0.0323681,0.0359476,0.0255591,0.0317706,0.030712,0.0293486,0.0307396,0.0285406,0.0310146,0.0297769,0.0325301,0.0267106,0.0328091,0.0273364,0.0286954,0.0178072,0.0252184,0.0224738,0.0229827,0.0204354,0.0218444,0.0173794,0.0165634,0.0182421,0.020377,0.0145594,0.0181056,0.017892,0.0173607,0.0140462,0.0111769,0.00947557,0.00774576,0.00722327,0.00529707,0.00480923,0.00399659,0.00367307,0.00401026,0.00184661,0.000887003,0.000475159,0.00027893,0.000275183,6.31923e-05,0.000264336,0}:
{0,97,0,0,0,0,0,0,0,0,0,0,0,0,0,0,0,0,0,0,0,0,0,0,0,0,0,0,0,0,0,0,0,0,0.0357995,0.0421748,0.0354643,0.0413086,0.0366927,0.0495842,0.039906,0.0418761,0.0433602,0.034713,0.0432514,0.040942,0.0365391,0.0334713,0.0406048,0.0389349,0.0359782,0.0313945,0.0335099,0.0295651,0.0357776,0.0287284,0.0332953,0.0312756,0.0266671,0.0315376,0.0282259,0.0300577,0.0296069,0.0275886,0.0244921,0.0256747,0.0297446,0.0241513,0.0255704,0.0242336,0.022939,0.0276617,0.0216881,0.0235652,0.0175494,0.0214623,0.0218862,0.0180886,0.0157844,0.0186541,0.0184728,0.016823,0.0144802,0.0109912,0.0095902,0.00879725,0.0072418,0.00638465,0.00554086,0.00427455,0.00336221,0.00306773,0.00212361,0.000955763,0.000514013,0.000235835,0.000315656,0.000200615,0.000264336,0}:
{0,97,0,0,0,0,0,0,0,0,0,0,0,0,0,0,0,0,0,0,0,0,0,0,0,0,0,0,0,0,0,0,0,0,0.0349629,0.0319958,0.0314872,0.0421624,0.0359615,0.0365476,0.0363316,0.0375874,0.0348412,0.0390398,0.0427852,0.0331425,0.0396576,0.0418023,0.0341982,0.033677,0.0397064,0.0344364,0.0314193,0.0338695,0.0325716,0.0418465,0.0344697,0.0318906,0.0271817,0.0279213,0.0348196,0.0295793,0.0282948,0.0249462,0.0268416,0.0257114,0.025594,0.0290162,0.0253883,0.0229491,0.0240405,0.0236425,0.0225556,0.0215755,0.019294,0.0210988,0.0196452,0.0214267,0.0171757,0.0157016,0.0181618,0.0158521,0.0153702,0.0123795,0.00980242,0.00830607,0.00769606,0.00560424,0.00489848,0.00425174,0.00396835,0.00287879,0.00215826,0.00093501,0.000462492,0.000211057,0.000171319,0.000169018,0,0}:
{0,97,0,0,0,0,0,0,0,0,0,0,0,0,0,0,0,0,0,0,0,0,0,0,0,0,0,0,0,0,0,0,0,0,0.0301954,0.0336621,0.0335441,0.0344013,0.037343,0.0409325,0.0384738,0.0361613,0.0371578,0.033299,0.0405875,0.036176,0.0406826,0.0336224,0.0415008,0.0335192,0.0275625,0.0358572,0.0357659,0.0361765,0.0337496,0.0311739,0.0351641,0.0323637,0.0267958,0.029882,0.0326237,0.0242962,0.0291696,0.0259086,0.0239861,0.0275996,0.0240226,0.0278539,0.0251804,0.0205865,0.0195551,0.0203211,0.0191827,0.0210257,0.0210284,0.0194367,0.01842,0.0208047,0.0189629,0.0236981,0.0191773,0.0192486,0.0149949,0.0128217,0.0117081,0.00891105,0.00666944,0.00614485,0.00528726,0.004774,0.00448808,0.00332979,0.00217485,0.000973246,0.000536243,0.00030845,0.000211792,0,0.000264336,0}:
{0,97,0,0,0,0,0,0,0,0,0,0,0,0,0,0,0,0,0,0,0,0,0,0,0,0,0,0,0,0,0,0,0,0,0.028238,0.023671,0.0268613,0.0245379,0.0308413,0.0287255,0.0359626,0.0315097,0.0286488,0.035586,0.0376002,0.0421059,0.0344126,0.0326765,0.0331519,0.0406008,0.0273992,0.0385866,0.0367159,0.0390889,0.0313436,0.0276591,0.0341648,0.0276865,0.0271879,0.0276099,0.0272663,0.0274972,0.0278181,0.0226009,0.0279606,0.0289285,0.0289077,0.0233098,0.0226054,0.0200001,0.0251872,0.0187071,0.0281388,0.0209979,0.0259707,0.0204714,0.018415,0.0178069,0.0217559,0.0256253,0.0184416,0.0153192,0.0156932,0.0131872,0.0105148,0.00792384,0.00729587,0.00639812,0.00510247,0.00406244,0.00423297,0.00360214,0.00233674,0.000965925,0.000648849,0.00039701,0.000297452,0.000423305,0,0}:
{0,97,0,0,0,0,0,0,0,0,0,0,0,0,0,0,0,0,0,0,0,0,0,0,0,0,0,0,0,0,0,0,0,0,0.0182092,0.0266003,0.0194062,0.0295333,0.0313179,0.0266827,0.0303177,0.0252132,0.0311696,0.0348866,0.0377723,0.0362864,0.0285429,0.0348069,0.0315542,0.0334906,0.0314485,0.0318775,0.0362993,0.0331371,0.0321557,0.0320765,0.03107,0.0297597,0.0327448,0.0322262,0.0286988,0.029107,0.0293458,0.0281618,0.0290164,0.0310119,0.02695,0.0229102,0.0202943,0.0220349,0.0179541,0.0251369,0.0182702,0.0193049,0.0177616,0.0194752,0.0211947,0.0192517,0.0205786,0.019131,0.0211209,0.0172863,0.0155441,0.0135999,0.0113332,0.00953254,0.00794884,0.00635955,0.00582643,0.00537554,0.00439217,0.00310778,0.00250844,0.000962396,0.000653005,0.000406169,0.000112642,0.000126385,0,0}:
{0,97,0,0,0,0,0,0,0,0,0,0,0,0,0,0,0,0,0,0,0,0,0,0,0,0,0,0,0,0,0,0,0,0,0.0144536,0.0226363,0.0187161,0.0250923,0.028197,0.0285338,0.0298054,0.0242465,0.0259869,0.0355175,0.0317625,0.0336743,0.0269923,0.0294492,0.0331519,0.0328127,0.0310457,0.0340883,0.0362195,0.0294075,0.0315697,0.036744,0.030077,0.0301485,0.0316706,0.0293171,0.0292097,0.0289777,0.0245345,0.0261785,0.0268793,0.0294276,0.0290787,0.0232252,0.0260621,0.0298447,0.0259425,0.0231351,0.0221758,0.0272094,0.0239398,0.0219412,0.019991,0.0185267,0.0215367,0.0174805,0.0151041,0.0168531,0.0160321,0.0127187,0.0107733,0.00912274,0.00791135,0.00761101,0.00576346,0.00497672,0.00464187,0.00388896,0.00246153,0.00133884,0.00056263,0.000499471,0.000234709,0.000137422,7.89219e-05,0}:
{0,97,0,0,0,0,0,0,0,0,0,0,0,0,0,0,0,0,0,0,0,0,0,0,0,0,0,0,0,0,0,0,0,0,0.0144536,0.012914,0.0213741,0.0210397,0.0200263,0.0232457,0.0290621,0.0316911,0.0275976,0.0247405,0.0264714,0.0317679,0.0240218,0.0330062,0.0255487,0.0251717,0.0307767,0.0315536,0.0283787,0.0300131,0.0371316,0.0314809,0.030862,0.0333346,0.0366556,0.0302654,0.0272602,0.0250005,0.0198665,0.0257831,0.0254922,0.0265395,0.0210509,0.0248527,0.0240727,0.031269,0.0251475,0.0243351,0.0247209,0.0197342,0.0217441,0.0206094,0.0237133,0.0210642,0.0235908,0.0211916,0.0182967,0.0157921,0.0164663,0.0150969,0.0117813,0.00884987,0.00805269,0.00715079,0.00589218,0.00509694,0.00509012,0.0043682,0.00249981,0.00114289,0.00063493,0.000353916,0.00012142,0.000243248,0,0}:
{0,97,0,0,0,0,0,0,0,0,0,0,0,0,0,0,0,0,0,0,0,0,0,0,0,0,0,0,0,0,0,0,0,0,0.0118189,0.0152117,0.0201851,0.0191217,0.0215594,0.0178392,0.0208011,0.0267564,0.0218187,0.0284781,0.024309,0.0329001,0.0284333,0.0283025,0.0328232,0.0342868,0.0290992,0.0324671,0.0258774,0.0345962,0.0321177,0.0275372,0.0284225,0.0251669,0.0264997,0.0227527,0.0287489,0.0307559,0.0219621,0.0245445,0.0273853,0.0256688,0.0303523,0.0225413,0.0306644,0.0286719,0.0207359,0.0211176,0.0243015,0.022312,0.0206833,0.0232293,0.0211215,0.0251495,0.0149076,0.0223504,0.0208673,0.0172563,0.0179172,0.0135142,0.0112502,0.00934105,0.00879544,0.00712508,0.00629371,0.00545142,0.00437791,0.0042572,0.00245935,0.00118018,0.000651753,0.000399381,0.000107929,3.15961e-05,0.000264336,0}:
{0,97,0,0,0,0,0,0,0,0,0,0,0,0,0,0,0,0,0,0,0,0,0,0,0,0,0,0,0,0,0,0,0,0,0.0114843,0.00612097,0.0111655,0.0157065,0.0159299,0.0173088,0.0202118,0.0221743,0.0255319,0.0202034,0.021899,0.0300773,0.0268219,0.0305514,0.0284985,0.0214274,0.0287781,0.0244907,0.0287466,0.0296614,0.0308016,0.0259881,0.0322507,0.0247329,0.0246474,0.0305831,0.0279034,0.0258936,0.0274719,0.0241031,0.0315165,0.0246146,0.0230529,0.0244473,0.0256402,0.0242745,0.0193676,0.0202501,0.0166323,0.0208774,0.0217441,0.0242255,0.0213991,0.0178721,0.0206108,0.0188901,0.0204889,0.017416,0.0182591,0.0144107,0.0125003,0.0112861,0.00825746,0.00803653,0.00625547,0.00572663,0.00480517,0.00423028,0.00284684,0.00111835,0.000636182,0.000369535,0.000392537,0.000169018,0.000343258,0}:
{0,97,0,0,0,0,0,0,0,0,0,0,0,0,0,0,0,0,0,0,0,0,0,0,0,0,0,0,0,0,0,0,0,0,0.00409016,0.011523,0.0101609,0.0121192,0.0135729,0.0144362,0.0138289,0.0189539,0.0245172,0.0178114,0.0194231,0.0202026,0.0269315,0.0231937,0.0217189,0.0254317,0.0281118,0.024296,0.0214082,0.0299708,0.0296297,0.0258214,0.0269165,0.0285607,0.0273227,0.0241939,0.0329263,0.0235201,0.022785,0.0223834,0.0265042,0.0255895,0.0261452,0.0226623,0.0254824,0.0231724,0.0202023,0.0206103,0.0203166,0.0241533,0.0234414,0.0220898,0.0199594,0.0201553,0.0230505,0.0201255,0.0206288,0.0195175,0.0179246,0.014618,0.0120967,0.0104549,0.00763162,0.00803327,0.00716376,0.00575818,0.00485616,0.00386619,0.00277624,0.00130616,0.000620811,0.000485571,0.000310943,6.31923e-05,0,0}:
{0,97,0,0,0,0,0,0,0,0,0,0,0,0,0,0,0,0,0,0,0,0,0,0,0,0,0,0,0,0,0,0,0,0,0.00240894,0.00409199,0.00814519,0.00895891,0.0119419,0.00990432,0.0120225,0.017672,0.0144971,0.0203821,0.0157318,0.0203397,0.0201359,0.0183442,0.0243347,0.0260863,0.0199877,0.0261942,0.0255893,0.0285656,0.0233058,0.0208978,0.025398,0.0259958,0.0240041,0.0256226,0.0239724,0.0245159,0.0306642,0.021059,0.0227737,0.0231404,0.019872,0.0243743,0.0271197,0.0254884,0.0233591,0.0273516,0.0236608,0.0238725,0.0202168,0.0200204,0.0177916,0.019073,0.0210067,0.0210483,0.0177784,0.0248211,0.0180291,0.0148375,0.0132169,0.0105864,0.008496,0.00835083,0.00733458,0.00621007,0.00515144,0.00477915,0.00277151,0.00120799,0.00094676,0.000460467,0.000229996,6.31923e-05,7.89219e-05,0.000187224}:
{0,97,0,0,0,0,0,0,0,0,0,0,0,0,0,0,0,0,0,0,0,0,0,0,0,0,0,0,0,0,0,0,0,0,0.00504365,0.00296981,0.00558273,0.00892051,0.00961749,0.00865168,0.011692,0.0117333,0.0181787,0.0162973,0.0187495,0.0136406,0.0193738,0.015776,0.0217914,0.0244544,0.0251892,0.0244196,0.022107,0.0278331,0.0289177,0.0253153,0.0195259,0.0257305,0.0274064,0.0224084,0.0225399,0.024787,0.0268977,0.0293146,0.0246985,0.0240419,0.0324628,0.024478,0.0214278,0.0247027,0.0253295,0.0202068,0.0218015,0.025588,0.0231653,0.0216441,0.0225512,0.0187758,0.0197444,0.0175571,0.018649,0.0206877,0.0193453,0.0141464,0.0124571,0.0100629,0.00911696,0.0089596,0.00711215,0.00728145,0.00541672,0.00416481,0.00291375,0.00145397,0.000693311,0.000487942,0.000406028,0.000137422,0,0}:
{0,97,0,0,0,0,0,0,0,0,0,0,0,0,0,0,0,0,0,0,0,0,0,0,0,0,0,0,0,0,0,0,0,0,0.00296935,0.00360133,0.0052616,0.00998471,0.00925447,0.00812124,0.00943962,0.0114076,0.0122901,0.0140788,0.0167848,0.0173798,0.0189683,0.0184901,0.0213956,0.0157966,0.0178722,0.0265068,0.023781,0.0211006,0.0256617,0.0250592,0.0276562,0.0247454,0.0220293,0.0262782,0.0232471,0.0239595,0.0165892,0.027417,0.0266232,0.0252298,0.0268736,0.0298329,0.0232153,0.0258868,0.0194757,0.0220995,0.0218302,0.0202945,0.0226349,0.0219797,0.0183102,0.0249709,0.0201402,0.0229396,0.0216605,0.0182177,0.0187966,0.0154974,0.0121674,0.0109406,0.00996534,0.00907453,0.00754364,0.00661018,0.00486026,0.00492256,0.00275213,0.00147106,0.000843119,0.000390223,0.00033386,0.000263807,0.000157844,0}:
{0,97,0,0,0,0,0,0,0,0,0,0,0,0,0,0,0,0,0,0,0,0,0,0,0,0,0,0,0,0,0,0,0,0,0.000560405,0.00206947,0.00242577,0.00281636,0.00395538,0.00774855,0.00682354,0.0108362,0.0115578,0.0142207,0.0110178,0.0127559,0.0161404,0.0140353,0.0177725,0.0182534,0.0190877,0.0237476,0.0186187,0.0228443,0.0246416,0.0238109,0.0249242,0.0212282,0.0251232,0.0274988,0.0318284,0.0272119,0.0250694,0.0241555,0.0252918,0.023713,0.019701,0.0197822,0.0261182,0.0181943,0.0259425,0.0253169,0.0218357,0.0221689,0.0155339,0.0199209,0.0220591,0.0203014,0.0181815,0.0206381,0.017887,0.0212158,0.01908,0.0154526,0.0131425,0.0115602,0.0107659,0.00735651,0.00742321,0.00667861,0.00463712,0.00439163,0.00290834,0.0012476,0.000650101,0.000451634,0.000203014,0.000538651,0.000528672,0.000374447}:
{0,97,0,0,0,0,0,0,0,0,0,0,0,0,0,0,0,0,0,0,0,0,0,0,0,0,0,0,0,0,0,0,0,0,0.00168122,0.00206947,0.00151014,0.00294382,0.00442679,0.00665366,0.00671338,0.00607773,0.00984243,0.0136999,0.0147848,0.0102593,0.0145673,0.0137161,0.0172104,0.016322,0.019906,0.0168083,0.0199307,0.0216697,0.0208997,0.0263398,0.0195321,0.0211829,0.0181961,0.0195839,0.0212276,0.0207585,0.0249782,0.026666,0.0211486,0.0283132,0.0248335,0.0212098,0.0233671,0.0191325,0.0207017,0.0199886,0.020583,0.0270227,0.0214949,0.0245612,0.0196137,0.0184511,0.0206856,0.0191619,0.0251017,0.0195871,0.017798,0.016353,0.0127498,0.0116837,0.01006,0.00834959,0.00791461,0.00663639,0.00553854,0.00477433,0.00314387,0.00139214,0.000615403,0.000542566,0.000342638,0.000232211,0.000343258,0.000814299}:
{0,97,0,0,0,0,0,0,0,0,0,0,0,0,0,0,0,0,0,0,0,0,0,0,0,0,0,0,0,0,0,0,0,0,0.00128813,0.00225083,0.00228908,0.00170763,0.00156048,0.00434556,0.00597541,0.00532991,0.00823165,0.00661875,0.0105773,0.0114968,0.0142332,0.0133213,0.0160581,0.0156102,0.0149439,0.0179464,0.0141864,0.018588,0.0170258,0.0199952,0.014614,0.0232357,0.01945,0.021324,0.0181101,0.0206743,0.0258136,0.0268041,0.023355,0.0213975,0.0189023,0.023721,0.0241349,0.0280035,0.0225189,0.0232442,0.0203562,0.0215808,0.0223857,0.0178077,0.0266142,0.0228663,0.0263412,0.0211199,0.0187839,0.0239198,0.0180639,0.0154115,0.0146085,0.0114617,0.00941151,0.00844532,0.00791784,0.00613354,0.00520998,0.00559008,0.00330371,0.0015276,0.000825044,0.000460467,0.000419519,0.000369633,0.000343258,0.000187224}:
{0,97,0,0,0,0,0,0,0,0,0,0,0,0,0,0,0,0,0,0,0,0,0,0,0,0,0,0,0,0,0,0,0,0,0.000560405,0.000900332,0.00118901,0.00213453,0.00239491,0.00196401,0.0031722,0.00647287,0.00472775,0.00873209,0.0095291,0.00729942,0.0119257,0.00980725,0.0110265,0.0112561,0.0109875,0.0171976,0.0140756,0.0222023,0.0164338,0.0220627,0.0236653,0.020496,0.0205242,0.0217199,0.0222814,0.0221876,0.0158388,0.022034,0.0218233,0.0201245,0.0227612,0.0243569,0.0250226,0.0212902,0.0203159,0.0205774,0.0219491,0.0188161,0.0261879,0.0216441,0.0198863,0.0216431,0.022077,0.0216684,0.0237128,0.0208521,0.0180657,0.0167528,0.0138274,0.0109278,0.0108451,0.0099231,0.00801215,0.00726802,0.00596301,0.00546528,0.00365024,0.00152626,0.000734869,0.00059719,0.000243487,0.000623919,0.000343258,0}:
{0,97,0,0,0,0,0,0,0,0,0,0,0,0,0,0,0,0,0,0,0,0,0,0,0,0,0,0,0,0,0,0,0,0,0,0.000450166,0.000457816,0.000981272,0.00156048,0.00173822,0.00343101,0.00246739,0.00563776,0.00278104,0.00701779,0.00863722,0.0110434,0.0109265,0.0135591,0.0143961,0.0147806,0.0159359,0.0167365,0.0149008,0.0145439,0.0191882,0.01584,0.0174643,0.0192253,0.0180191,0.0192461,0.0225756,0.022184,0.0225215,0.0248671,0.0220069,0.0185541,0.021083,0.0215719,0.0212139,0.0208441,0.0194327,0.021654,0.020839,0.0243373,0.0210988,0.023572,0.0260257,0.0243671,0.0213201,0.0252317,0.0234169,0.0197288,0.0165946,0.0136066,0.0118037,0.0104327,0.00948534,0.00794011,0.00683507,0.00608418,0.00468128,0.00326352,0.00152449,0.0008294,0.000610438,0.000256978,0.000549689,0,0}:
{0,97,0,0,0,0,0,0,0,0,0,0,0,0,0,0,0,0,0,0,0,0,0,0,0,0,0,0,0,0,0,0,0,0,0,0,0,0.00140818,0.00145209,0.00200344,0.00228558,0.00475843,0.00486891,0.00492607,0.00515443,0.00729942,0.00751943,0.0091206,0.0137147,0.0110015,0.00946217,0.0133657,0.0143208,0.0132052,0.0142418,0.0133559,0.0150158,0.0179373,0.0182798,0.0199344,0.018066,0.0207585,0.0222689,0.0221324,0.0213986,0.0200452,0.0225902,0.0186986,0.0177632,0.0208211,0.0208495,0.0231299,0.022669,0.0223836,0.021739,0.0237414,0.0228969,0.0229797,0.0157044,0.0204689,0.0214219,0.0180833,0.0188103,0.0160654,0.0136279,0.012367,0.0102372,0.00970127,0.00782736,0.00723453,0.00673589,0.00578582,0.00370131,0.00156734,0.00102968,0.000428576,0.000283961,0.000169018,0.000528672,0}:
{0,97,0,0,0,0,0,0,0,0,0,0,0,0,0,0,0,0,0,0,0,0,0,0,0,0,0,0,0,0,0,0,0,0,0,0.000450166,0,0.000426906,0.00108907,0.00124722,0.00132728,0.00225372,0.00311696,0.00394287,0.00491648,0.00567733,0.00649446,0.00727174,0.00935103,0.00853939,0.00891848,0.00745787,0.0128375,0.0130418,0.0117979,0.0134901,0.0150612,0.0203664,0.0192377,0.017584,0.0194103,0.015346,0.0158907,0.0204127,0.0195175,0.0243341,0.0205943,0.0226739,0.0232411,0.0194844,0.0246823,0.0202068,0.022516,0.0210973,0.0192199,0.0215724,0.0239177,0.0204148,0.0227617,0.0192595,0.0190637,0.0196171,0.0192235,0.0168244,0.0147024,0.0134423,0.0100608,0.00869022,0.00760939,0.0071271,0.00687673,0.00579829,0.00361421,0.00159894,0.00105481,0.000669479,0.000424232,0.000507055,0.000157844,0.000187224}:
{0,97,0,0,0,0,0,0,0,0,0,0,0,0,0,0,0,0,0,0,0,0,0,0,0,0,0,0,0,0,0,0,0,0,0,0.000450166,0,0,0.000108386,0.00037811,0.000737966,0.00107345,0.00346735,0.0030281,0.00288107,0.00624088,0.00686165,0.00604435,0.00756426,0.0111486,0.00934526,0.00860163,0.0112005,0.0121152,0.0166918,0.00856035,0.0160996,0.0172957,0.0164786,0.0172006,0.0121474,0.0172987,0.0153227,0.0167097,0.0181741,0.0200569,0.0166911,0.0215365,0.0197905,0.022357,0.0191008,0.0192197,0.0245337,0.0192228,0.0225608,0.0191064,0.015514,0.0236669,0.0233342,0.0200489,0.0185091,0.0166838,0.0183898,0.0168246,0.0132103,0.0124557,0.0107247,0.00987678,0.00781077,0.00698748,0.00714611,0.00667535,0.00340543,0.00156802,0.000740277,0.000537498,0.000401315,0.000612881,0.000157844,0.000627075}:
{0,97,0,0,0,0,0,0,0,0,0,0,0,0,0,0,0,0,0,0,0,0,0,0,0,0,0,0,0,0,0,0,0,0,0,0,0,0.000853813,0.000363022,0.00113433,0.000368983,0.000822462,0.00150617,0.00186627,0.00179746,0.00264384,0.00436794,0.00514141,0.00547701,0.00695237,0.00759168,0.00942714,0.00873612,0.00895473,0.0103239,0.0118191,0.0128484,0.0147308,0.0122144,0.0178047,0.0173147,0.0177382,0.0173209,0.0169209,0.0198925,0.0160544,0.0202583,0.0201146,0.0146524,0.019572,0.0196057,0.0208285,0.0224531,0.0262914,0.0251169,0.0218311,0.020001,0.0205504,0.0165233,0.0166862,0.0227385,0.0173163,0.0178597,0.0165787,0.0139323,0.0127818,0.0103091,0.0103697,0.0089759,0.00786892,0.00639028,0.00658362,0.00368905,0.00148884,0.000900048,0.000651488,0.000573282,0.000306441,0.000607594,0.000627075}:
{0,97,0,0,0,0,0,0,0,0,0,0,0,0,0,0,0,0,0,0,0,0,0,0,0,0,0,0,0,0,0,0,0,0,0,0,0.000457816,0.000981272,0,0.000112891,0,0.000822462,0.00140156,0.00140889,0.00176208,0.00430274,0.0037049,0.00437919,0.00558835,0.00551779,0.00789594,0.00910889,0.00935516,0.00830106,0.00745791,0.0130225,0.010071,0.0116148,0.0157516,0.0171553,0.0147341,0.01704,0.0161456,0.0188645,0.0194361,0.0163774,0.0227612,0.0176457,0.018273,0.019531,0.0191801,0.0222519,0.0186896,0.0171669,0.021606,0.0212368,0.0184881,0.0177313,0.0224032,0.0196338,0.0186852,0.0193831,0.0187343,0.0173212,0.014239,0.0133703,0.0115159,0.0101031,0.00828819,0.00800725,0.0065862,0.00651948,0.00387876,0.00170865,0.000954273,0.000719361,0.000590838,0.000338037,0.000157844,0.000187224}:
{0,97,0,0,0,0,0,0,0,0,0,0,0,0,0,0,0,0,0,0,0,0,0,0,0,0,0,0,0,0,0,0,0,0,0,0,0,0.000426906,0,0,0.000110166,0,0.000910009,0.00101993,0.00247593,0.00169064,0.00205519,0.00380068,0.00316709,0.00279565,0.00610153,0.00603139,0.00783488,0.00822226,0.00745791,0.00706828,0.0113299,0.0099631,0.0137645,0.0130773,0.0132514,0.0151839,0.0181232,0.0180674,0.0148742,0.0143424,0.0180089,0.022426,0.0140606,0.0123429,0.0177776,0.0218484,0.0156172,0.0173099,0.0154278,0.0200973,0.0224515,0.019755,0.0180693,0.0190952,0.0193385,0.0170223,0.0183149,0.0168896,0.0163544,0.011835,0.0118571,0.00993657,0.00905301,0.00784206,0.00681279,0.005506,0.0040139,0.00179489,0.00102948,0.000444521,0.000451214,0.000232211,7.89219e-05,0}:
{0,97,0,0,0,0,0,0,0,0,0,0,0,0,0,0,0,0,0,0,0,0,0,0,0,0,0,0,0,0,0,0,0,0,0,0,0,0.000426906,0.000108386,0,0,0,0.000455004,0.000105162,0.000440519,0.000879594,0.000953632,0.00177331,0.00208724,0.00321349,0.00492686,0.00327215,0.00393591,0.00623637,0.00682188,0.00964192,0.00837739,0.00918565,0.00868959,0.0123825,0.0146079,0.0139745,0.0145392,0.0178959,0.017049,0.0148298,0.0134277,0.0182567,0.0179331,0.0204395,0.0184481,0.0154239,0.0190297,0.0182332,0.0194371,0.0166018,0.0201789,0.0218922,0.02487,0.0129591,0.017571,0.0209517,0.0185352,0.0174341,0.0151744,0.0130485,0.0108814,0.00956697,0.00901354,0.00761588,0.00672704,0.00663265,0.00393788,0.00175691,0.000972548,0.000548701,0.000577347,0.000443863,7.89219e-05,0}:
{0,97,0,0,0,0,0,0,0,0,0,0,0,0,0,0,0,0,0,0,0,0,0,0,0,0,0,0,0,0,0,0,0,0,0,0,0,0,0,0,0.000368983,0.000357815,0.000104615,0.000352223,0.000202568,0.000458198,0.000696075,0.00191923,0.00230992,0.00567023,0.00234372,0.00560087,0.00521093,0.00562501,0.00568188,0.00723494,0.00750791,0.00688613,0.00955141,0.0128238,0.00915618,0.0143626,0.0120973,0.0111028,0.0158426,0.0155243,0.0201316,0.0127924,0.0159999,0.0176898,0.0192937,0.0150637,0.0173631,0.0195248,0.0181641,0.0139103,0.0165664,0.0194029,0.0190054,0.0179314,0.0163581,0.020324,0.0189945,0.0173465,0.0159807,0.0132699,0.0123416,0.0101668,0.00846791,0.00744001,0.00725432,0.00632789,0.00368466,0.00153495,0.000894441,0.00050119,0.000500466,0.000274845,0.000157844,0}:
{0,97,0,0,0,0,0,0,0,0,0,0,0,0,0,0,0,0,0,0,0,0,0,0,0,0,0,0,0,0,0,0,0,0,0,0,0,0,0,0,0,0,0,0.000352223,0,0.00126925,0.00157838,0.00191923,0.00305575,0.00290862,0.00360006,0.00252338,0.00549903,0.0022646,0.00345193,0.00346396,0.00728743,0.00923092,0.00980872,0.00711688,0.00966713,0.00808366,0.0133182,0.0102136,0.011118,0.0124233,0.0125847,0.014977,0.0178952,0.0185517,0.0206278,0.0181236,0.0129643,0.0172384,0.0218233,0.0177029,0.017755,0.0193273,0.0207179,0.0137794,0.0166017,0.0183917,0.0185629,0.0175961,0.0150933,0.0137274,0.0124265,0.0107464,0.00891984,0.00837112,0.00743794,0.00562248,0.00416487,0.00183571,0.000960081,0.000769243,0.000428297,0.000200615,0.000686516,0}:
{0,97,0,0,0,0,0,0,0,0,0,0,0,0,0,0,0,0,0,0,0,0,0,0,0,0,0,0,0,0,0,0,0,0,0,0,0,0,0,0,0,0,0,0,0.000339235,0,0.000586446,0.00104887,0.00130252,0.00234377,0.00348316,0.00307749,0.00332277,0.00230691,0.00518395,0.00488499,0.00455542,0.00554512,0.00683729,0.00694786,0.0110555,0.0108063,0.0107789,0.00921153,0.0123304,0.0128741,0.0119067,0.0166774,0.013047,0.0120023,0.0177776,0.0161928,0.0143645,0.0173099,0.0189757,0.0155671,0.0239859,0.0165785,0.0180319,0.0164552,0.0150728,0.0167139,0.0179667,0.0189948,0.0155989,0.0138986,0.0119949,0.0110087,0.00954764,0.00832614,0.00720054,0.00648641,0.00424286,0.00187381,0.00115871,0.000540195,0.000225283,0.000507055,0,0}:
{0,97,0,0,0,0,0,0,0,0,0,0,0,0,0,0,0,0,0,0,0,0,0,0,0,0,0,0,0,0,0,0,0,0,0,0,0,0,0,0,0,0,0.000104615,0,0,0.000352849,0.00110156,0.000578509,0.00107984,0.00173945,0.0030916,0.00216959,0.00217038,0.00397177,0.00463595,0.00509639,0.00598944,0.0066332,0.0094677,0.00825292,0.00971122,0.00904052,0.0120124,0.00942909,0.0180234,0.00937069,0.0127618,0.0129922,0.0137647,0.0134097,0.0170961,0.0181288,0.0188084,0.0190082,0.0161755,0.0206863,0.0187708,0.0152316,0.0174916,0.0170753,0.0166741,0.0144875,0.0179407,0.0173054,0.0160392,0.0136039,0.011934,0.00960616,0.00945149,0.00817907,0.0077734,0.00552395,0.00417885,0.00190976,0.00103033,0.000659994,0.000364907,0.000443863,0.000950852,0.000187224}:
{0,97,0,0,0,0,0,0,0,0,0,0,0,0,0,0,0,0,0,0,0,0,0,0,0,0,0,0,0,0,0,0,0,0,0,0,0,0,0,0,0,0,0,0,0,0.000458198,0,0.000108146,0.000372913,0.000112971,0.00125073,0.000984634,0.00160007,0.00299708,0.00522796,0.00372624,0.00386108,0.00645214,0.00791766,0.00564903,0.00831068,0.00709403,0.006372,0.0111091,0.0079748,0.0118257,0.0103353,0.0158359,0.0117875,0.0146292,0.0136329,0.012255,0.015691,0.0126151,0.0154699,0.0177851,0.0174774,0.0218648,0.0142383,0.017142,0.018965,0.0223607,0.015799,0.0177223,0.0151702,0.0144773,0.0126865,0.0111725,0.0103578,0.00783203,0.00678967,0.00673468,0.00451336,0.00186051,0.00120046,0.000648791,0.000356129,0.000295403,0.000315688,0.000627075}:
{0,97,0,0,0,0,0,0,0,0,0,0,0,0,0,0,0,0,0,0,0,0,0,0,0,0,0,0,0,0,0,0,0,0,0,0,0,0,0,0,0,0,0,0,0,0.000352849,0.000734373,0.000108146,0,0.000338912,0.00140848,0.000866704,0.0017227,0.00117461,0.00197796,0.0029131,0.0050355,0.0047224,0.00886937,0.00594794,0.00663178,0.00696468,0.00720742,0.00502102,0.00877452,0.00965701,0.00813631,0.00732224,0.0108179,0.0116858,0.0103283,0.0147036,0.0147785,0.013973,0.0153958,0.0142074,0.0147027,0.0162487,0.0150249,0.0183774,0.0123985,0.0183869,0.0177917,0.0167203,0.0155123,0.0141728,0.0135109,0.0108313,0.00995947,0.00972386,0.00907011,0.00655821,0.00429273,0.00187721,0.00106813,0.000569715,0.000568569,0.000274845,0.000157844,0.000187224}:
{0,97,0,0,0,0,0,0,0,0,0,0,0,0,0,0,0,0,0,0,0,0,0,0,0,0,0,0,0,0,0,0,0,0,0,0,0,0,0,0,0,0,0,0,0,0.000105349,0.000367187,0.000108146,0,0.000491348,0.000116905,0.000907902,0.00160007,0.00158025,0.00366596,0.00299643,0.00151847,0.00290213,0.00511982,0.00686335,0.0061269,0.00791533,0.00624142,0.00621354,0.00630604,0.00896251,0.00864331,0.0113764,0.01061,0.00932888,0.0115831,0.0153581,0.0149027,0.0122032,0.0153907,0.0183741,0.0166295,0.0188566,0.0182563,0.0138152,0.0191049,0.0135862,0.0193724,0.0168975,0.0151409,0.0154659,0.012713,0.00975736,0.0100072,0.00852353,0.00783324,0.00657748,0.00429628,0.00219114,0.00112671,0.000773333,0.000400667,0.000412267,0.000580024,0}:
{0,97,0,0,0,0,0,0,0,0,0,0,0,0,0,0,0,0,0,0,0,0,0,0,0,0,0,0,0,0,0,0,0,0,0,0,0,0,0,0,0,0,0,0,0,0,0.000734373,0.000108146,0.000372913,0.000756754,0.000900016,0.0018158,0.000901244,0.00141683,0.000799985,0.0029131,0.00334189,0.00333612,0.00326752,0.00747363,0.00463817,0.00583948,0.00654821,0.0053767,0.00789947,0.00803012,0.00838981,0.00861142,0.013311,0.011926,0.0175901,0.0139347,0.0143358,0.0136431,0.0122722,0.0160566,0.0163569,0.0157075,0.0175342,0.0156707,0.0187576,0.0179536,0.0157099,0.016724,0.0169771,0.014574,0.0124898,0.0115646,0.0117052,0.00833893,0.00843462,0.00659127,0.00442031,0.00196143,0.000918123,0.00061281,0.000590838,0.000243248,0.000264336,0.000187224}:
{0,97,0,0,0,0,0,0,0,0,0,0,0,0,0,0,0,0,0,0,0,0,0,0,0,0,0,0,0,0,0,0,0,0,0,0,0,0,0,0,0,0,0,0,0,0,0,0,0,0.000225941,0.00129157,0.000512916,0.000533356,0.000768969,0.00117797,0.00184383,0.00225815,0.00169069,0.00120285,0.00394809,0.00371054,0.00371845,0.00436756,0.00334735,0.00522464,0.00550172,0.0109752,0.0103234,0.0127192,0.0131752,0.00895995,0.0152162,0.0109971,0.0108122,0.0129138,0.0129963,0.0115191,0.0157075,0.0133821,0.019577,0.015114,0.0162506,0.0169141,0.0167577,0.0164313,0.0147869,0.0132423,0.0112517,0.00988681,0.0098266,0.00787816,0.00806473,0.00463081,0.0021377,0.00112651,0.000705786,0.000473484,0.000232211,0.000501102,0.000374447}:
{0,97,0,0,0,0,0,0,0,0,0,0,0,0,0,0,0,0,0,0,0,0,0,0,0,0,0,0,0,0,0,0,0,0,0,0,0,0,0,0,0,0,0,0,0,0,0.000367187,0,0.000111339,0.000491348,0.000625366,0.000512916,0.000410727,0,0.00092598,0.00111401,0.00182341,0.00069314,0.00275289,0.00382444,0.00307944,0.00367326,0.00462874,0.0061675,0.00497463,0.0066044,0.00745829,0.00853848,0.0057678,0.00803876,0.0105554,0.0116714,0.0145571,0.00999888,0.0101825,0.013767,0.0124617,0.0145444,0.0160732,0.0179722,0.0144508,0.018262,0.0168143,0.0161365,0.0149763,0.0145661,0.0124763,0.0121258,0.0110959,0.00942115,0.00837823,0.00699674,0.00472522,0.00198636,0.00116286,0.000589751,0.00066772,0.000401229,0.000236766,0}:
{0,97,0,0,0,0,0,0,0,0,0,0,0,0,0,0,0,0,0,0,0,0,0,0,0,0,0,0,0,0,0,0,0,0,0,0,0,0,0,0,0,0,0,0,0,0,0.000367187,0,0.000372913,0,0.000391555,0.000235859,0.000122629,0.000811278,0.00122199,0.00124208,0.00125888,0.000822714,0.00223827,0.00234412,0.00164692,0.00432623,0.00375397,0.0077157,0.0051433,0.0059099,0.00610224,0.0076489,0.00914257,0.00694224,0.00991368,0.00619585,0.00959136,0.011362,0.0082948,0.013767,0.0127809,0.0129914,0.0119482,0.0130665,0.0143521,0.0103889,0.0147141,0.015961,0.0158148,0.014347,0.0126951,0.0118385,0.0101659,0.00833828,0.00727399,0.00746834,0.00465992,0.0020893,0.00138953,0.000703415,0.000753379,0.000390191,0.000236766,0.000187224}:
{0,97,0,0,0,0,0,0,0,0,0,0,0,0,0,0,0,0,0,0,0,0,0,0,0,0,0,0,0,0,0,0,0,0,0,0,0,0,0,0,0,0,0,0,0,0,0,0,0,0,0.000116905,0,0.000821454,0.00255494,0.000422,0.00137015,0.000389396,0.00112713,0.00232198,0.00203898,0.00100976,0.00463013,0.00270927,0.00339339,0.00321852,0.00525798,0.00716051,0.00695912,0.00484216,0.00881878,0.00850566,0.00692662,0.00985775,0.00930076,0.00993328,0.00993591,0.0145664,0.0132404,0.014099,0.014297,0.0140048,0.0147911,0.0159566,0.0148922,0.0168228,0.0139838,0.0128378,0.0108937,0.011261,0.00903107,0.00870613,0.00763035,0.00479463,0.00222584,0.00113588,0.000755342,0.000563856,0.000326999,0.000157844,0}:
{0,97,0,0,0,0,0,0,0,0,0,0,0,0,0,0,0,0,0,0,0,0,0,0,0,0,0,0,0,0,0,0,0,0,0,0,0,0,0,0,0,0,0,0,0,0,0,0,0,0,0,0,0,0,0.00122199,0.000128067,0.00143402,0.00169069,0.00193601,0.00112981,0.00249243,0.0024639,0.0018345,0.00396663,0.00509963,0.00350337,0.00521499,0.00582745,0.00648554,0.00768691,0.00968653,0.00718292,0.0102034,0.0116534,0.00879324,0.011411,0.0145714,0.0103835,0.00990957,0.0138868,0.0110195,0.0138202,0.0149014,0.0146463,0.0162179,0.0147422,0.0130578,0.0112697,0.0107747,0.0087968,0.00897551,0.00823921,0.00483238,0.00213865,0.00102222,0.000944318,0.000514605,0.000338037,0.000236766,0.000374447}:
{0,97,0,0,0,0,0,0,0,0,0,0,0,0,0,0,0,0,0,0,0,0,0,0,0,0,0,0,0,0,0,0,0,0,0,0,0,0,0,0,0,0,0,0,0,0,0,0,0,0,0,0,0,0.000526749,0.000125995,0.000384201,0.000129799,0.00143154,0.000257311,0.00282452,0.00257456,0.00181714,0.00353842,0.00414447,0.00129374,0.00615364,0.00436593,0.0038004,0.00584975,0.00694224,0.00672269,0.008906,0.0067854,0.00900403,0.0132371,0.0101229,0.00949264,0.0109676,0.0112738,0.00969893,0.00984286,0.0159217,0.0127819,0.0155029,0.01568,0.014722,0.0138269,0.0125128,0.0112821,0.0088908,0.00794145,0.00800956,0.00515207,0.00222395,0.00146348,0.000682727,0.000387824,0.000338037,0.000343258,0.000627075}:
{0,97,0,0,0,0,0,0,0,0,0,0,0,0,0,0,0,0,0,0,0,0,0,0,0,0,0,0,0,0,0,0,0,0,0,0,0,0,0,0,0,0,0,0,0,0,0,0,0,0.000112971,0,0,0,0,0.000547995,0.000857879,0,0.00143154,0.000128656,0.00225961,0.00122417,0.000950653,0.00283986,0.00162763,0.00225613,0.00378968,0.00525927,0.00355832,0.00517601,0.00733506,0.00679659,0.00806613,0.00609963,0.00827278,0.00872422,0.0107119,0.00988001,0.00723439,0.011386,0.00977057,0.0144557,0.012356,0.0144542,0.0153901,0.0149026,0.0146694,0.0133807,0.0122281,0.0114751,0.00928687,0.00808835,0.00857638,0.00519223,0.00222855,0.00118634,0.000671524,0.000509892,0.000126385,0,0}:
{0,97,0,0,0,0,0,0,0,0,0,0,0,0,0,0,0,0,0,0,0,0,0,0,0,0,0,0,0,0,0,0,0,0,0,0,0,0,0,0,0,0,0,0,0,0,0,0,0,0,0,0,0,0.000405639,0.000125995,0.000128067,0.000129799,0,0.000688223,0.00112981,0.00135039,0.000821301,0.00209568,0.00282015,0.00133741,0.004076,0.00288313,0.0040483,0.00463426,0.00533562,0.00535435,0.00379059,0.0104301,0.00554656,0.0078385,0.00854301,0.00780687,0.00879261,0.00933704,0.0111085,0.00991529,0.0114594,0.0124207,0.015143,0.0155958,0.0153723,0.0130898,0.0125166,0.0112681,0.00970105,0.00851972,0.00779586,0.00488541,0.00222248,0.00123621,0.00100131,0.000825548,0.000338037,0.000236766,0.000561671}:
{0,97,0,0,0,0,0,0,0,0,0,0,0,0,0,0,0,0,0,0,0,0,0,0,0,0,0,0,0,0,0,0,0,0,0,0,0,0,0,0,0,0,0,0,0,0,0,0,0,0,0,0,0,0,0,0.000128067,0.000259597,0.00043399,0.000559567,0.00199985,0.000971728,0.000129352,0.00209568,0.00145612,0.00146242,0.00318033,0.00304807,0.00242665,0.00218513,0.0047492,0.00462777,0.00861159,0.00538514,0.00433709,0.00595589,0.00625869,0.00917341,0.00821365,0.0065492,0.00802251,0.012341,0.0116934,0.01259,0.0143861,0.0143006,0.0139807,0.0129577,0.012496,0.0122687,0.0114895,0.0076142,0.00879573,0.00528882,0.00249365,0.00139328,0.000737025,0.000563856,0.000295403,7.89219e-05,0.000374447}:
{0,97,0,0,0,0,0,0,0,0,0,0,0,0,0,0,0,0,0,0,0,0,0,0,0,0,0,0,0,0,0,0,0,0,0,0,0,0,0,0,0,0,0,0,0,0,0,0,0,0,0,0,0,0,0,0,0,0,0,0.000259765,0.00037866,0.000995841,0.00126653,0.00211511,0.00171243,0.00244326,0.000931525,0.00271102,0.00362062,0.00231033,0.00546792,0.00485388,0.00565153,0.0032707,0.00627414,0.0110144,0.00496905,0.00850573,0.00754983,0.00840177,0.00800793,0.00695751,0.0112753,0.0138214,0.0145755,0.0146694,0.0144313,0.0127024,0.0112719,0.0104966,0.00947082,0.00744491,0.00516615,0.00248267,0.00121544,0.00083507,0.000694702,0.000295403,0.000473531,0.000814299}:
{0,97,0,0,0,0,0,0,0,0,0,0,0,0,0,0,0,0,0,0,0,0,0,0,0,0,0,0,0,0,0,0,0,0,0,0,0,0,0,0,0,0,0,0,0,0,0,0,0,0,0,0,0,0,0.000125995,0.000128067,0,0,0,0.000435021,0.00012622,0.000129352,0.00126653,0.00127828,0.00150609,0.00106011,0.000931525,0.000889579,0.00438236,0.00341248,0.00292416,0.00393779,0.00310651,0.00614001,0.00556862,0.0064789,0.0055293,0.00459386,0.00575749,0.0107292,0.00900847,0.00935788,0.0120266,0.0147265,0.0138634,0.0146964,0.0142517,0.0124589,0.010834,0.00952923,0.00869253,0.00786067,0.00512959,0.00245826,0.00128338,0.000809966,0.000459993,0.000358595,0.000157844,0.000814299}:
{0,97,0,0,0,0,0,0,0,0,0,0,0,0,0,0,0,0,0,0,0,0,0,0,0,0,0,0,0,0,0,0,0,0,0,0,0,0,0,0,0,0,0,0,0,0,0,0,0,0,0,0,0,0,0,0,0,0,0,0.000129883,0.000971728,0.000258704,0.000522352,0.000573239,0.00146242,0.00130385,0.00186305,0.00226914,0.00311682,0.0023513,0.00178297,0.00423219,0.00295351,0.00470535,0.00460879,0.00570287,0.00598984,0.00723958,0.00758722,0.00846848,0.00669139,0.0102892,0.0114663,0.0127168,0.0144237,0.0152775,0.0137668,0.0124138,0.0118977,0.0106403,0.00895239,0.00826963,0.00540339,0.00264133,0.0013326,0.000905314,0.000604329,0.000993552,0.000501102,0}:
{0,97,0,0,0,0,0,0,0,0,0,0,0,0,0,0,0,0,0,0,0,0,0,0,0,0,0,0,0,0,0,0,0,0,0,0,0,0,0,0,0,0,0,0,0,0,0,0,0,0,0,0,0,0,0,0,0,0,0,0,0.00012622,0.000562597,0.000261176,0.000263598,0.0012124,0.00101754,0.000804776,0.000484168,0.00227313,0.00148934,0.00159004,0.00489199,0.00193303,0.00504049,0.0035109,0.00508071,0.00398987,0.00575178,0.0077265,0.00826341,0.00658273,0.00986075,0.00976118,0.0128628,0.0142487,0.0141104,0.0129891,0.0122442,0.0114096,0.0112149,0.00846398,0.00827993,0.0052697,0.00234071,0.00108185,0.00079165,0.000482262,0.000432825,0.000686516,0}:
{0,97,0,0,0,0,0,0,0,0,0,0,0,0,0,0,0,0,0,0,0,0,0,0,0,0,0,0,0,0,0,0,0,0,0,0,0,0,0,0,0,0,0,0,0,0,0,0,0,0,0,0,0,0,0,0,0,0,0.000430912,0.000129883,0.00025244,0.000258704,0.000959735,0.00185151,0.00146242,0.00318033,0.00186305,0.00562765,0.00859477,0.00584009,0.00915288,0.0114913,0.0126637,0.020668,0.019124,0.0221999,0.024237,0.0257989,0.027476,0.0334947,0.0469746,0.0439005,0.0607802,0.0857179,0.103648,0.108633,0.108257,0.0997014,0.0926142,0.085101,0.0787862,0.0719197,0.0453769,0.0210777,0.0114936,0.00796383,0.00437399,0.00486994,0.00163358,0.0024429}:
{0,97,0,0,0,0,0,0,0,0,0,0,0,0,0,0,0,0,0,0,0,0,0,0,0,0,0,0,0,0,0,0,0,0,0,0,0,0,0,0,0,0,0,0,0,0,0,0,0,0,0,0,0,0,0,0,0,0,0,0,0,0,0,0,0,0,0.00012675,0.000121042,0.000629745,0.000861955,0.00132867,0.00222519,0.00143987,0.00422714,0.0019836,0.00533938,0.00525169,0.00741824,0.0065492,0.0118312,0.0101539,0.0183269,0.028457,0.0539395,0.0784493,0.093997,0.0977088,0.0997456,0.0916927,0.0900845,0.0832889,0.0750456,0.049541,0.0227917,0.0128992,0.0077536,0.00578502,0.00427913,0.00334987,0.00181582}:
{0,97,0,0,0,0,0,0,0,0,0,0,0,0,0,0,0,0,0,0,0,0,0,0,0,0,0,0,0,0,0,0,0,0,0,0,0,0,0,0,0,0,0,0,0,0,0,0,0,0,0,0,0,0,0,0,0,0,0,0,0,0,0,0,0,0,0,0,0,0.000117283,0,0.000365386,0,0.000846483,0.000212165,0.00117798,0.00157601,0.000903649,0.00114505,0.00174805,0.00142022,0.0024952,0.0114817,0.0351682,0.0747513,0.115898,0.148555,0.168918,0.176752,0.175462,0.172128,0.157716,0.109801,0.0522775,0.0296312,0.0187798,0.0126498,0.0105644,0.00614349,0.00444594}:
{0,97,0,0,0,0,0,0,0,0,0,0,0,0,0,0,0,0,0,0,0,0,0,0,0,0,0,0,0,0,0,0,0,0,0,0,0,0,0,0,0,0,0,0,0,0,0,0,0,0,0,0,0,0,0,0,0,0,0,0,0,0,0,0,0,0,0,0,0,0,0,0,0,0,0,0,0,0,0,0,0,0,5.3808e-05,0.00164052,0.0093652,0.0315133,0.0637127,0.0980378,0.126709,0.147319,0.155384,0.157251,0.121173,0.0615599,0.0358111,0.0219733,0.0147568,0.0109641,0.00643161,0.00275194}:
{0,97,0,0,0,0,0,0,0,0,0,0,0,0,0,0,0,0,0,0,0,0,0,0,0,0,0,0,0,0,0,0,0,0,0,0,0,0,0,0,0,0,0,0,0,0,0,0,0,0,0,0,0,0,0,0,0,0,0,0,0,0,0,0,0,0,0,0,0,0,0,0,0,0,0,0,0,0,0,0,0,0,0,0,0.000359182,0.00163627,0.00949389,0.0269429,0.0538433,0.0846677,0.110808,0.128142,0.125283,0.0700809,0.0404373,0.0237843,0.017962,0.0121081,0.00978527,0.00538206}:
{0,97,0,0,0,0,0,0,0,0,0,0,0,0,0,0,0,0,0,0,0,0,0,0,0,0,0,0,0,0,0,0,0,0,0,0,0,0,0,0,0,0,0,0,0,0,0,0,0,0,0,0,0,0,0,0,0,0,0,0,0,0,0,0,0,0,0,0,0,0,0,0,0,0,0,0,0,0,0,0,0,0,0,0,0,0,0.000374409,0.00228761,0.00869418,0.0244931,0.0491044,0.0762514,0.11656,0.0778225,0.0448086,0.0271805,0.019458,0.0134317,0.00867278,0.00606555}:
{0,97,0,0,0,0,0,0,0,0,0,0,0,0,0,0,0,0,0,0,0,0,0,0,0,0,0,0,0,0,0,0,0,0,0,0,0,0,0,0,0,0,0,0,0,0,0,0,0,0,0,0,0,0,0,0,0,0,0,0,0,0,0,0,0,0,0,0,0,0,0,0,0,0,0,0,0,0,0,0,0,0,0,0,0,0,0,0,0.000511828,0.00225975,0.00876467,0.0243192,0.0957603,0.0836008,0.0505234,0.0306864,0.0212569,0.016335,0.0133719,0.00988441};
>
