energy(#app_nut)<
@energy =
{0,97,0,0,0,0,0,0,0,0,0,0,0,0,0,0,0,0,0,0,0,0,0,0,0,0,0,0,0,0,0,0,0,0,0.0117724,0.00740238,0.00905358,0.0125915,0.0049765,0.00990677,0.00864413,0.00790081,0.00570479,0.00662195,0.00747884,0.00772221,0.0063765,0.0081919,0.00743007,0.00768222,0.00541716,0.00657941,0.00751007,0.00565438,0.00495521,0.00449086,0.00713787,0.00537049,0.00629283,0.00606855,0.00743856,0.00497211,0.00490547,0.00471333,0.00625006,0.00200638,0.00474973,0.00514549,0.00404426,0.00397375,0.00657824,0.00395793,0.00122804,0.00371063,0.00314513,0.00403915,0.00235259,0.00157761,0.00329387,0.00327413,0.00287316,0.00203374,0.00211237,0.00175473,0.002274,0.00145005,0.00130083,0.00134833,0.00112469,0.00058192,0.000779123,0.000466363,0.000408962,0.000186501,7.39296e-05,0.000107071,0,0,0.000128971,0}:
{0,97,0,0,0,0,0,0,0,0,0,0,0,0,0,0,0,0,0,0,0,0,0,0,0,0,0,0,0,0,0,0,0,0,0.0383344,0.0343466,0.0330112,0.0271261,0.0304534,0.0252565,0.0289475,0.0207596,0.0239568,0.0168245,0.0155759,0.0179084,0.01579,0.0144819,0.0161026,0.02269,0.0129809,0.0124107,0.0142091,0.0117771,0.012616,0.0122015,0.0125688,0.00964702,0.012255,0.0132693,0.0120785,0.0100355,0.0106811,0.00933762,0.00893557,0.0133276,0.00992551,0.00728275,0.00790097,0.00896399,0.00504934,0.00886811,0.00847752,0.0046479,0.00578295,0.00561036,0.00627356,0.00573266,0.00584293,0.00717948,0.00331486,0.00652084,0.00418342,0.00341773,0.00242999,0.0022512,0.0015851,0.00190899,0.0016617,0.00107865,0.00126953,0.000907852,0.000554012,0.000221395,0.000120374,0,0.000216278,0.000175613,0.000431968,0}:
{0,97,0,0,0,0,0,0,0,0,0,0,0,0,0,0,0,0,0,0,0,0,0,0,0,0,0,0,0,0,0,0,0,0,0.0466156,0.0514376,0.0441581,0.0433892,0.034395,0.033382,0.0302326,0.0335427,0.0280686,0.028048,0.0265092,0.0255223,0.0231469,0.0270285,0.0236223,0.0161073,0.0156297,0.0160901,0.0147544,0.018127,0.0173927,0.0164812,0.0149161,0.0154438,0.0152794,0.013317,0.0136553,0.00900457,0.0105853,0.0128607,0.0132957,0.00771138,0.0110616,0.0117951,0.00836651,0.00763729,0.00826401,0.00968544,0.00750588,0.00737671,0.00636579,0.00655153,0.00495219,0.00668313,0.00555952,0.00694348,0.00719822,0.0031724,0.00488947,0.00375288,0.00391972,0.00335854,0.00219139,0.00270101,0.00179011,0.00118743,0.00126953,0.00108565,0.000725395,0.000368799,0.000175345,0.000139039,7.20928e-05,5.24322e-05,0,0}:
{0,97,0,0,0,0,0,0,0,0,0,0,0,0,0,0,0,0,0,0,0,0,0,0,0,0,0,0,0,0,0,0,0,0,0.0525018,0.0529659,0.0515043,0.0479563,0.0412157,0.0356842,0.0377398,0.0374425,0.033387,0.0332946,0.0316995,0.0278075,0.026666,0.0267671,0.0248648,0.0215727,0.0255791,0.0186563,0.0209846,0.0161252,0.0169494,0.0195566,0.0204017,0.0185767,0.0154732,0.0158328,0.0114742,0.0166064,0.0124214,0.0123133,0.0134209,0.0126796,0.0121977,0.0118771,0.0119452,0.00864745,0.00901198,0.00671235,0.010894,0.0105327,0.00976758,0.00710489,0.00602654,0.00547822,0.00761597,0.00717948,0.00740374,0.00855459,0.00609118,0.00491387,0.00414685,0.00420089,0.00314419,0.00322303,0.0025357,0.0017095,0.00131172,0.00180327,0.00094907,0.000563515,0.000221789,0.00016035,0.000115142,0,0,0}:
{0,97,0,0,0,0,0,0,0,0,0,0,0,0,0,0,0,0,0,0,0,0,0,0,0,0,0,0,0,0,0,0,0,0,0.0543758,0.0557134,0.0556729,0.0501076,0.0440893,0.0398719,0.0444291,0.0445633,0.040473,0.0330728,0.038381,0.0242499,0.0296692,0.026617,0.0301643,0.0253982,0.0258741,0.0244131,0.0238301,0.0250093,0.0214614,0.0208738,0.0219992,0.023045,0.0201786,0.0198424,0.0152387,0.0155197,0.016176,0.0129975,0.0120364,0.0141943,0.0160458,0.0121559,0.0136132,0.0109047,0.00957182,0.0151105,0.0110191,0.0154356,0.0107702,0.0138664,0.0101201,0.0117197,0.00798542,0.00741548,0.0112871,0.00887741,0.00727259,0.00605658,0.00512869,0.00383029,0.00406151,0.00316043,0.00264884,0.00201313,0.0014098,0.00164943,0.00102879,0.000433173,0.000179457,0.000120938,8.6098e-05,0,0,0}:
{0,97,0,0,0,0,0,0,0,0,0,0,0,0,0,0,0,0,0,0,0,0,0,0,0,0,0,0,0,0,0,0,0,0,0.0593756,0.0498332,0.0530435,0.0488397,0.0508436,0.0423824,0.0418204,0.0404207,0.0409653,0.0352359,0.0319164,0.0354266,0.0319946,0.0332461,0.0285617,0.0307777,0.027644,0.0263176,0.0239126,0.0296174,0.0234192,0.0236984,0.0269408,0.0215316,0.0147843,0.0188334,0.0158363,0.0197414,0.017279,0.0187099,0.0140714,0.0148356,0.019993,0.0134764,0.0127725,0.0107727,0.0167162,0.0154129,0.0116425,0.0106541,0.010056,0.00987174,0.0152017,0.00851517,0.0107437,0.00966882,0.0115772,0.0118972,0.00701399,0.00665946,0.00494699,0.00458012,0.00366547,0.00339966,0.00274509,0.00236941,0.00207891,0.00210911,0.00117817,0.000418336,0.000255594,0.000192318,2.15245e-05,0.000104864,0,0}:
{0,97,0,0,0,0,0,0,0,0,0,0,0,0,0,0,0,0,0,0,0,0,0,0,0,0,0,0,0,0,0,0,0,0,0.050566,0.0603241,0.0510433,0.052902,0.0541245,0.0536537,0.0453516,0.0445328,0.0367795,0.0404404,0.0363473,0.0415136,0.0349587,0.0365607,0.027866,0.0321895,0.023018,0.0317347,0.0223027,0.0223967,0.030412,0.0233889,0.0230243,0.022754,0.0267657,0.02422,0.02058,0.0205966,0.01558,0.0181279,0.0164317,0.0157434,0.0169475,0.0165191,0.0129668,0.0170435,0.0147121,0.0124786,0.0158584,0.0134781,0.00880275,0.0135292,0.0111082,0.0118814,0.0119381,0.0114445,0.0118979,0.00960815,0.00838714,0.00716677,0.00578654,0.00447993,0.00466154,0.00369114,0.00340623,0.00269203,0.00216507,0.00258307,0.00132083,0.000564724,0.000331731,0.000156628,0.000115142,5.24322e-05,0.000128971,0}:
{0,97,0,0,0,0,0,0,0,0,0,0,0,0,0,0,0,0,0,0,0,0,0,0,0,0,0,0,0,0,0,0,0,0,0.0651531,0.0494983,0.0435229,0.0482969,0.041546,0.0470233,0.0491026,0.0473181,0.0414257,0.0467182,0.0390319,0.0360387,0.0352557,0.0391247,0.0343892,0.0330005,0.0299101,0.027103,0.0254017,0.0256923,0.0269061,0.0251932,0.0240362,0.0227112,0.0240651,0.0188811,0.019045,0.0174413,0.0214448,0.017424,0.0232421,0.0181659,0.0178064,0.0194387,0.0189218,0.0177959,0.0157079,0.0102841,0.0177827,0.016379,0.011353,0.0107179,0.0154115,0.0118814,0.0104603,0.0102588,0.0105612,0.00871307,0.0102632,0.00893282,0.00653597,0.00498351,0.00431352,0.00413507,0.00312338,0.00328575,0.00242176,0.00243683,0.00138592,0.000672014,0.000319092,0.000234942,0.000136666,0,0,0}:
{0,97,0,0,0,0,0,0,0,0,0,0,0,0,0,0,0,0,0,0,0,0,0,0,0,0,0,0,0,0,0,0,0,0,0.0528672,0.0495364,0.0446131,0.0495588,0.0428011,0.0463931,0.0417052,0.0447049,0.0458232,0.0387426,0.03638,0.0408206,0.0351437,0.0355153,0.0328112,0.0337005,0.0283036,0.030374,0.0261624,0.030222,0.0329789,0.0295984,0.0236995,0.027378,0.0249843,0.0256316,0.0246642,0.0204918,0.02213,0.022561,0.0231938,0.0209978,0.0168551,0.0184792,0.013141,0.0156309,0.012051,0.0158829,0.012687,0.0183365,0.0141222,0.0142098,0.0104475,0.0141176,0.0122704,0.0134917,0.00894018,0.0121775,0.00995872,0.00953114,0.00810287,0.00558877,0.00532609,0.00459285,0.00414592,0.00378969,0.00291857,0.00191704,0.00163787,0.000642341,0.000350689,0.000210419,0.000251808,0.000157297,0,0}:
{0,97,0,0,0,0,0,0,0,0,0,0,0,0,0,0,0,0,0,0,0,0,0,0,0,0,0,0,0,0,0,0,0,0,0.0555264,0.0489869,0.0572617,0.0494326,0.0400375,0.047263,0.0498332,0.038663,0.0367157,0.0380708,0.0382673,0.0354214,0.0361186,0.0385242,0.0352599,0.0329576,0.0323456,0.0368611,0.029851,0.0291365,0.0286327,0.0288938,0.0248142,0.0298364,0.0266722,0.021977,0.0241084,0.0213402,0.0219995,0.0198589,0.0170405,0.0253789,0.0177996,0.0174376,0.0209648,0.0127134,0.0207243,0.0159605,0.0174804,0.0179539,0.0194854,0.0159143,0.011318,0.0126702,0.0138773,0.0130197,0.00909763,0.0157636,0.0117394,0.0087002,0.00761541,0.00656952,0.00500406,0.00352567,0.00320274,0.00420297,0.0021147,0.00329309,0.0016582,0.000568543,0.000399341,0.000263699,0.00016571,5.24322e-05,0,0}:
{0,97,0,0,0,0,0,0,0,0,0,0,0,0,0,0,0,0,0,0,0,0,0,0,0,0,0,0,0,0,0,0,0,0,0.0562498,0.0578293,0.0502084,0.047105,0.0521039,0.0441587,0.0449453,0.0416156,0.0480564,0.0367592,0.0403768,0.0371272,0.0445288,0.038157,0.0314068,0.0365375,0.0362878,0.0346287,0.029046,0.0289157,0.0300086,0.0278338,0.0285383,0.0247502,0.0258032,0.0200133,0.0231359,0.0258915,0.0201635,0.0231908,0.0195809,0.0156481,0.0230318,0.0205278,0.0184914,0.0176639,0.0164496,0.0171314,0.019188,0.0164174,0.0192407,0.0184328,0.0140411,0.0176141,0.0147824,0.0102944,0.0144445,0.00895666,0.0123516,0.00823072,0.00807185,0.007307,0.00581037,0.004472,0.00411214,0.00363831,0.00324948,0.00218649,0.00162852,0.000791531,0.000378175,0.000267421,0.000129147,5.24322e-05,0,0}:
{0,97,0,0,0,0,0,0,0,0,0,0,0,0,0,0,0,0,0,0,0,0,0,0,0,0,0,0,0,0,0,0,0,0,0.0527585,0.0488164,0.0484139,0.050953,0.0493736,0.0490807,0.0360099,0.0435454,0.0352286,0.0423231,0.0376922,0.0432572,0.037099,0.0400977,0.0337831,0.0362001,0.0375615,0.0341339,0.034091,0.0366502,0.029076,0.0332133,0.030066,0.0241321,0.0239716,0.023027,0.0299702,0.0256532,0.0193825,0.0275067,0.0210071,0.0218645,0.0213636,0.0226716,0.0254194,0.0154464,0.0161893,0.0154068,0.0210395,0.0154295,0.0194476,0.0148398,0.0152762,0.0168687,0.019646,0.0143234,0.0145597,0.0127864,0.0129787,0.00928096,0.00729452,0.00614909,0.0057191,0.00516631,0.00369845,0.00428729,0.00329984,0.00343358,0.00178842,0.000810379,0.000384191,0.000449084,2.15245e-05,0.000175613,0.000128971,0}:
{0,97,0,0,0,0,0,0,0,0,0,0,0,0,0,0,0,0,0,0,0,0,0,0,0,0,0,0,0,0,0,0,0,0,0.0464057,0.0470796,0.0420648,0.0494828,0.0523521,0.0464295,0.0379212,0.0463356,0.0431666,0.044058,0.035116,0.038936,0.0320621,0.0331349,0.0318031,0.0421685,0.0322957,0.0307332,0.0354976,0.0229042,0.0273955,0.0321136,0.0276641,0.0293245,0.0284467,0.0275131,0.0252266,0.0251344,0.0288302,0.0285602,0.0204599,0.0215373,0.0255025,0.0200243,0.0209582,0.0191163,0.0210238,0.0229038,0.0182227,0.0202556,0.018439,0.0156599,0.0183013,0.0151983,0.0164753,0.0122293,0.014892,0.0131151,0.0135006,0.00992021,0.00823458,0.00662233,0.00567735,0.00434516,0.0043427,0.00394106,0.00428618,0.00247322,0.00197501,0.000980643,0.000422411,0.000306322,0.000345425,0.000104864,0,0.000318978}:
{0,97,0,0,0,0,0,0,0,0,0,0,0,0,0,0,0,0,0,0,0,0,0,0,0,0,0,0,0,0,0,0,0,0,0.0501068,0.0449257,0.0463641,0.0417366,0.044023,0.0460441,0.0417767,0.0436564,0.0409283,0.0376476,0.0471342,0.0418764,0.0325158,0.0352097,0.0380442,0.0311462,0.037135,0.0358716,0.0311248,0.0365202,0.0305316,0.0335624,0.0328263,0.0305538,0.0339709,0.0308276,0.024018,0.0285635,0.0224998,0.0269528,0.0231388,0.0168354,0.0208811,0.0241217,0.022271,0.02309,0.0182718,0.0199246,0.0201138,0.0169276,0.0194854,0.0149287,0.0127078,0.0166083,0.0140375,0.00985794,0.0131865,0.0117637,0.0119868,0.0098906,0.00941929,0.00859842,0.00646866,0.00567717,0.00453601,0.00382048,0.00372243,0.00337623,0.00197334,0.000870357,0.000441673,0.000445361,0.000251808,0.00033291,0,0}:
{0,97,0,0,0,0,0,0,0,0,0,0,0,0,0,0,0,0,0,0,0,0,0,0,0,0,0,0,0,0,0,0,0,0,0.035411,0.046833,0.0373105,0.0403485,0.0431752,0.0409602,0.0414088,0.0370726,0.0392984,0.0407629,0.0372204,0.0448115,0.0381807,0.0346588,0.0391246,0.0326631,0.03856,0.0296632,0.029851,0.0318729,0.0335417,0.0299475,0.0316767,0.0332672,0.023016,0.0301456,0.0296371,0.0277151,0.0257476,0.0359756,0.0255123,0.0250583,0.0242243,0.0270413,0.0226328,0.0230439,0.0216291,0.0182062,0.0209477,0.0177373,0.0183635,0.0191962,0.0165544,0.0178251,0.0140806,0.0157451,0.0145655,0.0111973,0.0127344,0.0116757,0.00824225,0.00699613,0.00718521,0.00573977,0.00538294,0.00472242,0.00393052,0.00295294,0.00204611,0.000711935,0.000595548,0.000281288,0.000158191,0,0.000257942,0}:
{0,97,0,0,0,0,0,0,0,0,0,0,0,0,0,0,0,0,0,0,0,0,0,0,0,0,0,0,0,0,0,0,0,0,0.0364529,0.0361275,0.0449495,0.0425059,0.0422505,0.0403564,0.0405299,0.0436564,0.036504,0.0411492,0.0401926,0.0329797,0.0379673,0.0345422,0.0398507,0.0311891,0.0294895,0.0275545,0.0366386,0.0346155,0.0325357,0.0364853,0.0294672,0.0339417,0.0315714,0.0306977,0.0276921,0.0258492,0.0289673,0.0246266,0.0288066,0.0299854,0.0207459,0.0224469,0.0246273,0.0218493,0.0208089,0.0215654,0.0234101,0.0137271,0.0198553,0.015991,0.0201108,0.0196571,0.0123075,0.0147485,0.0159022,0.0169815,0.0130923,0.012534,0.00977357,0.00787425,0.00608363,0.00492896,0.00530948,0.00437707,0.00358127,0.00339443,0.00223999,0.00101795,0.000612603,0.000313256,0.00020124,0.000228045,0,0.00106837}:
{0,97,0,0,0,0,0,0,0,0,0,0,0,0,0,0,0,0,0,0,0,0,0,0,0,0,0,0,0,0,0,0,0,0,0.0343765,0.0392601,0.0432361,0.0370935,0.0386007,0.0394915,0.0385036,0.0357459,0.0468818,0.0383614,0.0365969,0.0408258,0.0328183,0.0364829,0.0398927,0.0377347,0.0343924,0.0362054,0.0274301,0.0338684,0.0332898,0.0301776,0.0284968,0.029126,0.0298836,0.0348437,0.0357283,0.0232551,0.0221713,0.0241618,0.0230904,0.023496,0.021314,0.030968,0.0231469,0.0191959,0.0200547,0.021263,0.0208686,0.0182858,0.0235198,0.0179945,0.0170112,0.0183969,0.0171712,0.0168895,0.0140757,0.0131826,0.0142608,0.0116506,0.0081348,0.00917972,0.00764974,0.00617524,0.00516927,0.00433447,0.00359961,0.0038168,0.00229144,0.000841069,0.000490021,0.00024932,0.000251808,0.000403659,0.000128971,0}:
{0,97,0,0,0,0,0,0,0,0,0,0,0,0,0,0,0,0,0,0,0,0,0,0,0,0,0,0,0,0,0,0,0,0,0.0334358,0.0317634,0.0389804,0.029025,0.0401861,0.041023,0.0313696,0.0362573,0.0338104,0.0394564,0.0376922,0.0355624,0.036124,0.0376785,0.032775,0.0335347,0.0396522,0.0331012,0.0331532,0.0364935,0.0315568,0.0242649,0.0285449,0.0305109,0.030789,0.0332005,0.027498,0.0269224,0.0276315,0.0283343,0.023464,0.0302172,0.0241747,0.0221681,0.0188113,0.023809,0.0194039,0.0225115,0.0205996,0.0210208,0.0202433,0.01795,0.0167583,0.0167759,0.0163032,0.0189368,0.0160597,0.0199162,0.0148324,0.0134099,0.0103732,0.00889919,0.00771123,0.0066578,0.00562449,0.00467983,0.00407808,0.00369543,0.00225101,0.000918493,0.00043505,0.000395292,0.000136666,0.000280478,0,0}:
{0,97,0,0,0,0,0,0,0,0,0,0,0,0,0,0,0,0,0,0,0,0,0,0,0,0,0,0,0,0,0,0,0,0,0.0309396,0.0320222,0.0341014,0.0377305,0.0398226,0.0377466,0.0312928,0.0360852,0.0352975,0.0360186,0.033945,0.0325946,0.0386735,0.034959,0.0295221,0.0311092,0.0390622,0.0288406,0.0377535,0.0300012,0.0302207,0.0280972,0.0370247,0.0305401,0.0302644,0.0263546,0.028991,0.0313402,0.0301528,0.0258038,0.024253,0.0265186,0.0210368,0.0248565,0.0209582,0.0241002,0.0240628,0.0209544,0.0187022,0.0161178,0.021409,0.0193557,0.0191168,0.0209803,0.0192706,0.0161759,0.0168643,0.0169023,0.015686,0.0121004,0.0109523,0.0088121,0.00716168,0.00708211,0.00589716,0.00565603,0.00462349,0.0043845,0.00231192,0.00101012,0.00053837,0.000417116,0.000460567,0.000262161,0.000431968,0.000318978}:
{0,97,0,0,0,0,0,0,0,0,0,0,0,0,0,0,0,0,0,0,0,0,0,0,0,0,0,0,0,0,0,0,0,0,0.0280237,0.0226744,0.0280887,0.0272522,0.0328534,0.0340799,0.0385803,0.0292682,0.0355832,0.0338924,0.0320628,0.0290317,0.0290305,0.0344698,0.0300443,0.0322265,0.0320506,0.0330639,0.0305673,0.0294357,0.0349176,0.0328641,0.0298387,0.0335514,0.0301276,0.0289657,0.0347976,0.0256532,0.0358458,0.0253455,0.0289801,0.0231341,0.0303942,0.0277761,0.0217921,0.021275,0.0238542,0.0193259,0.0203765,0.0226018,0.0189781,0.019184,0.0208146,0.0159931,0.0187409,0.0222464,0.0194955,0.0193072,0.0142797,0.0121338,0.0107691,0.00813998,0.00773324,0.00583748,0.00625266,0.0051403,0.00453646,0.00452682,0.00254373,0.00108914,0.000750031,0.000434193,0.000230284,0,0,0.00106837}:
{0,97,0,0,0,0,0,0,0,0,0,0,0,0,0,0,0,0,0,0,0,0,0,0,0,0,0,0,0,0,0,0,0,0,0.0229695,0.0281315,0.0256215,0.0261986,0.0233355,0.0282202,0.0340273,0.0340541,0.0281745,0.0313061,0.029156,0.0251922,0.030605,0.0338747,0.0282377,0.036169,0.0256608,0.0334291,0.0323925,0.0343555,0.0291158,0.0327721,0.0267003,0.0347875,0.0257963,0.0320271,0.0309494,0.021614,0.0267201,0.0220071,0.025554,0.0272011,0.0236922,0.025401,0.0255584,0.024509,0.0247199,0.0197509,0.0174346,0.0170551,0.0151625,0.0257416,0.0215616,0.0240981,0.0186861,0.0166891,0.0185276,0.0195508,0.015522,0.0135168,0.012523,0.00811283,0.00771274,0.00702468,0.00676769,0.00464903,0.00459235,0.00378341,0.00244298,0.00113868,0.00077782,0.000188596,0.000323901,0.000403659,0,0}:
{0,97,0,0,0,0,0,0,0,0,0,0,0,0,0,0,0,0,0,0,0,0,0,0,0,0,0,0,0,0,0,0,0,0,0.0188018,0.0189101,0.0245808,0.025776,0.0249979,0.0285014,0.0289806,0.0317802,0.0263647,0.035812,0.0302787,0.0345496,0.0295126,0.03284,0.0326607,0.0274923,0.031317,0.0332681,0.030016,0.0334846,0.0311135,0.0286764,0.0249038,0.0235637,0.0296533,0.0265863,0.0277273,0.0296434,0.0307554,0.028519,0.0287099,0.0267439,0.0274411,0.030015,0.0255584,0.0264497,0.0227613,0.0212568,0.0206913,0.0181138,0.0199489,0.0225042,0.0205244,0.0181544,0.0195169,0.0189836,0.0201544,0.0191488,0.0163491,0.0135123,0.0113179,0.00945951,0.00819001,0.00867049,0.00612344,0.00593147,0.00438426,0.00425645,0.00242121,0.00108634,0.000620826,0.000373981,0.000158191,0.000280478,0.000257942,0}:
{0,97,0,0,0,0,0,0,0,0,0,0,0,0,0,0,0,0,0,0,0,0,0,0,0,0,0,0,0,0,0,0,0,0,0.0136464,0.0200532,0.0165679,0.0237448,0.0241117,0.0241054,0.0261521,0.0262498,0.0265025,0.0258161,0.0319164,0.0305208,0.0281231,0.0268448,0.0300023,0.0313178,0.0327661,0.0323531,0.0388945,0.0293511,0.0258937,0.0261612,0.0326471,0.0302131,0.0321895,0.0248954,0.0226154,0.0309194,0.0262132,0.0234298,0.0256441,0.0292552,0.0226126,0.024448,0.0273302,0.0230041,0.02729,0.0226728,0.023752,0.021282,0.0320221,0.0183317,0.0194069,0.0166142,0.0169189,0.0144414,0.0133862,0.0179984,0.0153295,0.0137952,0.0115548,0.00967393,0.00791523,0.00631158,0.00608295,0.00531242,0.0047335,0.00499227,0.00264177,0.00121388,0.000705491,0.000445361,0.000265813,0.000104864,0,0}:
{0,97,0,0,0,0,0,0,0,0,0,0,0,0,0,0,0,0,0,0,0,0,0,0,0,0,0,0,0,0,0,0,0,0,0.0121378,0.0167943,0.0226677,0.0147048,0.0196141,0.0183135,0.0251965,0.0226185,0.028529,0.0307452,0.0284724,0.0288633,0.0242677,0.027696,0.0339871,0.0322206,0.0305817,0.0300343,0.0292171,0.0313983,0.0333822,0.0322056,0.0252754,0.027087,0.0229156,0.024575,0.0262895,0.024433,0.0257063,0.0273221,0.0286132,0.0234137,0.0301598,0.0206164,0.0290534,0.0197765,0.0222406,0.0224215,0.0221821,0.0234884,0.0165909,0.0221608,0.0185424,0.0243525,0.0175347,0.018388,0.0197433,0.016446,0.0153446,0.0144997,0.0119,0.0100889,0.00898606,0.00722961,0.00789828,0.00545746,0.00554465,0.00575571,0.00280107,0.00122432,0.000648312,0.000459228,0.00036695,0.000104864,0.000128971,0.00106837}:
{0,97,0,0,0,0,0,0,0,0,0,0,0,0,0,0,0,0,0,0,0,0,0,0,0,0,0,0,0,0,0,0,0,0,0.010886,0.0139204,0.0154837,0.0176634,0.0193554,0.0207563,0.020265,0.0192302,0.0236022,0.0235153,0.0283587,0.0240384,0.0307617,0.0287749,0.0280757,0.0352233,0.0298602,0.0260211,0.030998,0.0266931,0.0285865,0.0269181,0.0258261,0.0241818,0.0349836,0.0296477,0.0270812,0.0274345,0.02213,0.0235666,0.0302812,0.0200834,0.0244947,0.0237673,0.0211457,0.0257498,0.0181479,0.0200083,0.0234038,0.0182797,0.0279121,0.0176067,0.0232475,0.0198562,0.0186119,0.0172848,0.0215275,0.0188201,0.0176117,0.0156606,0.0108804,0.00980914,0.00888056,0.00779708,0.00625266,0.00602125,0.00488019,0.00502566,0.00319601,0.00136307,0.000671686,0.000298877,0.00036695,0.000351227,0.000257942,0}:
{0,97,0,0,0,0,0,0,0,0,0,0,0,0,0,0,0,0,0,0,0,0,0,0,0,0,0,0,0,0,0,0,0,0,0.0077602,0.0110845,0.0142749,0.0200291,0.0195093,0.017303,0.0208195,0.0214028,0.0222899,0.0215688,0.0223659,0.0268274,0.0272709,0.0283299,0.0324568,0.0294694,0.0291567,0.0236218,0.0261624,0.0269202,0.0330124,0.0285447,0.0237891,0.0232299,0.0245533,0.0292862,0.0198301,0.0251834,0.0290086,0.0278216,0.0300944,0.0238232,0.0236067,0.0198406,0.0257041,0.0210507,0.0205424,0.0240624,0.0207642,0.0212758,0.0213335,0.0252327,0.0205185,0.0197694,0.0182365,0.0245467,0.0171909,0.0178341,0.0167041,0.0139127,0.0112097,0.0108667,0.00874754,0.00774564,0.00560679,0.00640833,0.00587557,0.00577967,0.00291978,0.00133142,0.000593644,0.000534331,6.45735e-05,0.000157297,0,0}:
{0,97,0,0,0,0,0,0,0,0,0,0,0,0,0,0,0,0,0,0,0,0,0,0,0,0,0,0,0,0,0,0,0,0,0.0067726,0.00740238,0.00951459,0.0117021,0.0128704,0.0111257,0.0157066,0.0137706,0.0181461,0.0205746,0.022843,0.0228743,0.0261785,0.0221846,0.0286875,0.0263809,0.0280963,0.0243386,0.0254338,0.0277002,0.0227911,0.0253773,0.0291984,0.0267463,0.021335,0.0285155,0.0231359,0.0256532,0.0253844,0.0171916,0.0218927,0.0279313,0.0269722,0.0231687,0.024912,0.021143,0.0232035,0.0195446,0.0215649,0.0225957,0.0230065,0.0191012,0.0182894,0.0177383,0.0231431,0.0202817,0.0225377,0.0169815,0.0164598,0.0149932,0.0127653,0.0120394,0.00860502,0.0082625,0.00829346,0.00600858,0.00507082,0.00457081,0.00304917,0.0015921,0.000933599,0.000373981,0.000439043,0.000104864,0,0}:
{0,97,0,0,0,0,0,0,0,0,0,0,0,0,0,0,0,0,0,0,0,0,0,0,0,0,0,0,0,0,0,0,0,0,0.00692815,0.00660018,0.00287871,0.00473133,0.00814734,0.0100474,0.0154485,0.0160091,0.0200248,0.0224891,0.0196813,0.0209898,0.0246876,0.0176075,0.0256689,0.0253242,0.0276001,0.0263549,0.0274362,0.023313,0.0299289,0.0248441,0.0266107,0.0313207,0.0299771,0.0302475,0.0216914,0.0223289,0.0235962,0.0212207,0.0255474,0.0241439,0.0210727,0.0265312,0.0190541,0.0230041,0.0231392,0.024326,0.0195884,0.0256748,0.020112,0.0231081,0.0181168,0.0251847,0.0224903,0.0187008,0.0203118,0.0230886,0.0194218,0.0149015,0.0118274,0.011026,0.00991363,0.00927143,0.00652371,0.00558984,0.00556851,0.00483934,0.00296682,0.00134263,0.000931391,0.000509297,0.000388474,0.00085975,0,0.000637956}:
{0,97,0,0,0,0,0,0,0,0,0,0,0,0,0,0,0,0,0,0,0,0,0,0,0,0,0,0,0,0,0,0,0,0,0.00426896,0.00321485,0.00438038,0.00709699,0.00844452,0.0105369,0.0108849,0.0166218,0.0170085,0.0173535,0.0191768,0.0183091,0.0216452,0.0164508,0.0179568,0.0141302,0.0211664,0.0210183,0.025947,0.0220396,0.0191592,0.0237444,0.0266654,0.0203812,0.0271466,0.0185541,0.02913,0.0244465,0.026768,0.0291488,0.0268484,0.0251948,0.0271142,0.0269937,0.0224034,0.0236643,0.0216683,0.0250146,0.0244672,0.0221747,0.0223798,0.0159021,0.0196971,0.020223,0.0206742,0.0222464,0.0162594,0.0143271,0.0187059,0.0155044,0.0130763,0.0104697,0.00879479,0.00860625,0.00703793,0.00607651,0.00633483,0.00593927,0.00335017,0.00163922,0.000775308,0.000456017,0.000323901,0.000104864,0,0}:
{0,97,0,0,0,0,0,0,0,0,0,0,0,0,0,0,0,0,0,0,0,0,0,0,0,0,0,0,0,0,0,0,0,0,0.00150857,0.00190122,0.00246124,0.00338125,0.00781699,0.00746397,0.00842442,0.0110206,0.0102031,0.0147302,0.0138728,0.0166412,0.0207486,0.0190644,0.0219301,0.0181215,0.0182286,0.0269852,0.0192983,0.0224359,0.0203964,0.0242776,0.0203055,0.0209067,0.0215151,0.0238996,0.0207607,0.0250498,0.0221845,0.0231083,0.0217059,0.0221375,0.0186089,0.0238969,0.0293247,0.0198687,0.0264698,0.0203495,0.0216441,0.0180815,0.0204699,0.0214419,0.019901,0.0219308,0.0222752,0.0241515,0.0167856,0.0203667,0.0173667,0.0156869,0.0118932,0.0107331,0.00972558,0.00916937,0.00674999,0.0061663,0.00584354,0.00572808,0.00320163,0.00152531,0.000887155,0.000377703,0.000511135,0.000228045,0.000128971,0}:
{0,97,0,0,0,0,0,0,0,0,0,0,0,0,0,0,0,0,0,0,0,0,0,0,0,0,0,0,0,0,0,0,0,0,0.001874,0.00139584,0.00108421,0.00507188,0.00379837,0.00672963,0.00963812,0.00888824,0.0109441,0.00977423,0.0128207,0.0172207,0.0144788,0.0150717,0.0169068,0.0169302,0.0168414,0.0212225,0.0200147,0.0190495,0.018716,0.0169097,0.0209044,0.0200473,0.0228654,0.0269199,0.0260601,0.022841,0.0240486,0.0237925,0.0251804,0.0257884,0.019745,0.0243529,0.0216113,0.0241065,0.0229761,0.0225503,0.0194966,0.0177312,0.024391,0.0222881,0.0221732,0.0219368,0.0217396,0.0243875,0.0254051,0.0206044,0.0196083,0.0139666,0.0132513,0.0115079,0.0107349,0.00884195,0.00674328,0.00645726,0.00633483,0.00541464,0.00344423,0.00143107,0.000853653,0.000523675,0.000302376,0.000613388,0,0}:
{0,97,0,0,0,0,0,0,0,0,0,0,0,0,0,0,0,0,0,0,0,0,0,0,0,0,0,0,0,0,0,0,0,0,0.000520969,0.00194535,0.0017945,0.00169063,0.00317084,0.00655765,0.00790824,0.00634091,0.00992248,0.00920827,0.015142,0.0127586,0.019247,0.0158611,0.0132156,0.0169731,0.017262,0.0186623,0.0159397,0.018517,0.0245178,0.0236587,0.0225151,0.0206225,0.0203656,0.0188269,0.0249554,0.0276795,0.0222257,0.0232452,0.0231521,0.0199469,0.0263477,0.0220795,0.0218407,0.021275,0.0236786,0.0184063,0.0195884,0.0222577,0.0199867,0.0245904,0.0214753,0.0186394,0.0208345,0.0206769,0.0172273,0.0186499,0.0177217,0.0158547,0.0128205,0.0133658,0.0105869,0.00957137,0.00808916,0.00740899,0.0072065,0.00581214,0.00358954,0.00158166,0.00107575,0.000444849,0.000690851,0.000385342,0.000128971,0}:
{0,97,0,0,0,0,0,0,0,0,0,0,0,0,0,0,0,0,0,0,0,0,0,0,0,0,0,0,0,0,0,0,0,0,0.000155544,0.000423167,0.00166986,0.00139416,0.00317084,0.00275537,0.00400905,0.00603698,0.00662562,0.00931407,0.0100223,0.0135651,0.0159804,0.0148545,0.0158263,0.0126562,0.0200364,0.0162138,0.0184491,0.0193549,0.0190794,0.0182269,0.0250481,0.0169504,0.0227719,0.0204356,0.0250458,0.0215295,0.0221019,0.0197633,0.0202314,0.0237886,0.0198938,0.0177033,0.0181649,0.0239745,0.0244988,0.0224665,0.0198052,0.0157737,0.018057,0.0181156,0.0234946,0.0215266,0.0200897,0.015421,0.0237957,0.0213351,0.0174517,0.0149896,0.013196,0.0119764,0.00966409,0.0095662,0.00812213,0.0075667,0.00601584,0.00575963,0.00348827,0.00157606,0.000899794,0.00055192,0.000345425,0.000385342,0.000128971,0}:
{0,97,0,0,0,0,0,0,0,0,0,0,0,0,0,0,0,0,0,0,0,0,0,0,0,0,0,0,0,0,0,0,0,0,0,0,0,0.00126797,0.00084777,0.00195324,0.00511289,0.00447708,0.00928733,0.00609295,0.00849832,0.00656329,0.0108422,0.0128803,0.0135757,0.0127849,0.0130626,0.0172957,0.0156922,0.0152089,0.0185501,0.0188521,0.022102,0.0164385,0.0161917,0.020429,0.0191906,0.0196146,0.0222736,0.0216378,0.0212972,0.0229631,0.0185661,0.0170226,0.0200337,0.017928,0.0231455,0.032293,0.0183603,0.0224359,0.0216596,0.0202968,0.0247415,0.0207633,0.0222752,0.0208304,0.0198279,0.0241172,0.0181202,0.0161285,0.0136267,0.0125733,0.0113972,0.00866966,0.00809425,0.00749331,0.00725687,0.0049416,0.00358475,0.00153696,0.000872612,0.000580677,0.000453048,0.000280478,0.000128971,0}:
{0,97,0,0,0,0,0,0,0,0,0,0,0,0,0,0,0,0,0,0,0,0,0,0,0,0,0,0,0,0,0,0,0,0,0,0,0.000417464,0.00169063,0.000737651,0.00219802,0.0016915,0.00291718,0.00329686,0.00315228,0.00740826,0.0073594,0.0083656,0.0084144,0.010803,0.014179,0.0144119,0.0156877,0.0153501,0.0164369,0.0145611,0.0157243,0.0203055,0.0201038,0.0184041,0.0208513,0.0176424,0.0231283,0.0185603,0.0222873,0.0179129,0.0205818,0.0191273,0.0159745,0.0183039,0.0262381,0.0170941,0.0166552,0.0224448,0.0226464,0.0204442,0.017225,0.0201167,0.0247686,0.0208716,0.0184648,0.0197856,0.0200688,0.0184579,0.0150782,0.0147054,0.0123177,0.0104727,0.0093049,0.00727867,0.00711257,0.00711395,0.00530571,0.00342306,0.0017369,0.000955068,0.00090189,0.000395994,0.000209729,0.000560939,0.00106837}:
{0,97,0,0,0,0,0,0,0,0,0,0,0,0,0,0,0,0,0,0,0,0,0,0,0,0,0,0,0,0,0,0,0,0,0.000520969,0.000846333,0,0.000422656,0.000368825,0.00174485,0.00342139,0.00145859,0.00187864,0.0019834,0.00402958,0.00500371,0.00686399,0.00509984,0.00771211,0.0112991,0.015536,0.0143585,0.0127582,0.0139151,0.0145611,0.0100814,0.0157007,0.0181933,0.0191728,0.017463,0.0214202,0.0200777,0.0192868,0.0177521,0.0224115,0.0219533,0.0190417,0.020167,0.0194711,0.0227401,0.0241145,0.0212242,0.0176973,0.0217475,0.0181446,0.0234009,0.0184189,0.0174839,0.0202617,0.0264759,0.0204328,0.0156243,0.018242,0.0159503,0.0138735,0.0117379,0.0114522,0.0104535,0.00814492,0.00792472,0.00646229,0.00536305,0.00347273,0.00194263,0.000694756,0.000644613,0.000597233,0.000209729,0.000128971,0}:
{0,97,0,0,0,0,0,0,0,0,0,0,0,0,0,0,0,0,0,0,0,0,0,0,0,0,0,0,0,0,0,0,0,0,0,0,0,0,0.000110119,0.000453162,0.0012137,0.00291718,0.00329686,0.00254936,0.0031238,0.0046409,0.00588901,0.00736897,0.00951865,0.00673656,0.00881933,0.0123302,0.0110276,0.0125242,0.0121664,0.0155069,0.0130781,0.0135829,0.0182033,0.0221265,0.0156488,0.0167467,0.018519,0.0186274,0.0210687,0.0182958,0.0187013,0.021079,0.0222158,0.0230439,0.0243294,0.0201432,0.02125,0.0194904,0.0191472,0.0197374,0.0208205,0.0210612,0.0179902,0.0179871,0.0193381,0.0224855,0.0182917,0.0163045,0.0157637,0.0115701,0.00997986,0.0100531,0.00890312,0.00755491,0.00720562,0.00649453,0.00364985,0.00177841,0.000940222,0.000434193,0.000777982,0.000579272,0,0.000318978}:
{0,97,0,0,0,0,0,0,0,0,0,0,0,0,0,0,0,0,0,0,0,0,0,0,0,0,0,0,0,0,0,0,0,0,0,0,0,0,0.000368825,0.000697942,0.000477805,0.00010131,0.00209036,0.00294068,0.00537452,0.0037691,0.00495319,0.00498859,0.00634384,0.00867079,0.00785269,0.00976405,0.0138227,0.0133043,0.01341,0.0148484,0.0125141,0.0168716,0.0146977,0.0139102,0.0139817,0.0187105,0.0162652,0.0158776,0.0178228,0.0165624,0.0177568,0.0167503,0.0164484,0.0191561,0.0189743,0.0218802,0.0220903,0.0203386,0.0156261,0.0203735,0.0201539,0.0194835,0.0155584,0.0235913,0.0174635,0.0173044,0.0186826,0.0162522,0.0157947,0.0130317,0.0107862,0.00878722,0.00834841,0.00809423,0.00670793,0.00540704,0.00386686,0.00178402,0.00106722,0.000698404,0.000417518,0.000508523,0.000560939,0}:
{0,97,0,0,0,0,0,0,0,0,0,0,0,0,0,0,0,0,0,0,0,0,0,0,0,0,0,0,0,0,0,0,0,0,0,0,0,0,0,0,0.000477805,0.00033932,0.00116953,0.00173484,0.00225071,0.00446209,0.0032274,0.00506632,0.00465736,0.00685939,0.00730659,0.00881773,0.0110276,0.00839074,0.0102675,0.0140978,0.0115089,0.0124529,0.0113859,0.0122193,0.0119396,0.0184857,0.0190671,0.0148176,0.0143416,0.0172926,0.0227905,0.0191189,0.0208677,0.015895,0.0170219,0.0174664,0.0224844,0.0187637,0.0217472,0.0231465,0.0220556,0.0187756,0.0188582,0.0172791,0.0116443,0.0192222,0.0189383,0.0179044,0.0148357,0.012996,0.0109979,0.00962798,0.00864653,0.00751778,0.00623674,0.00623935,0.00370324,0.00167233,0.00102709,0.000519441,0.000669326,0.000104864,0.000128971,0}:
{0,97,0,0,0,0,0,0,0,0,0,0,0,0,0,0,0,0,0,0,0,0,0,0,0,0,0,0,0,0,0,0,0,0,0,0,0,0,0,0.000348971,0,0.00033932,0.00141822,0.00046016,0.00225071,0.00333581,0.00424153,0.00204664,0.00237062,0.00456256,0.00558658,0.0085212,0.00967131,0.0112634,0.00858075,0.0113589,0.0101254,0.00997403,0.0101793,0.0104397,0.015843,0.0177776,0.0187518,0.013408,0.0199545,0.0193056,0.0162374,0.0157087,0.0207773,0.0188984,0.0190197,0.0198858,0.0188857,0.0243934,0.0215343,0.0210986,0.0198206,0.016279,0.0235986,0.0220573,0.0162594,0.0202874,0.0181916,0.0175608,0.0141961,0.0128763,0.0116475,0.00988083,0.00816609,0.00822835,0.00704525,0.00529235,0.00423677,0.00174091,0.00113673,0.000702126,0.000294857,5.24322e-05,0.000560939,0.000318978}:
{0,97,0,0,0,0,0,0,0,0,0,0,0,0,0,0,0,0,0,0,0,0,0,0,0,0,0,0,0,0,0,0,0,0,0,0,0,0,0,0,0,0.00033932,0.00081497,0.000814519,0.00119855,0.000833952,0.00210119,0.00290309,0.00252684,0.00456256,0.00281221,0.00421739,0.0083532,0.00848158,0.00858075,0.0103115,0.0116465,0.0106417,0.0150924,0.0119942,0.0133774,0.0116343,0.0118666,0.0150978,0.0119397,0.0151498,0.0154281,0.0196159,0.0197976,0.0188522,0.0181871,0.0247122,0.0195884,0.0193568,0.0194038,0.0161688,0.020895,0.0185211,0.0186059,0.0182231,0.021032,0.0187775,0.0172817,0.0172628,0.0153224,0.0134389,0.0116735,0.0103206,0.00988598,0.00683166,0.00698384,0.00614954,0.00411912,0.00183877,0.00122962,0.000591333,0.000626277,5.24322e-05,0.000257942,0}:
{0,97,0,0,0,0,0,0,0,0,0,0,0,0,0,0,0,0,0,0,0,0,0,0,0,0,0,0,0,0,0,0,0,0,0,0,0,0,0,0,0,0,0,0.000565959,0.00119855,0.0016679,0.00270076,0.002308,0.00337297,0.001437,0.00348387,0.00508917,0.00801717,0.00552438,0.00672811,0.00775662,0.00810166,0.0108762,0.0067239,0.00852361,0.0122174,0.0136471,0.0126476,0.0161925,0.0117112,0.0153751,0.0173444,0.0149198,0.0147318,0.020311,0.016619,0.0205418,0.021125,0.0170551,0.023094,0.0187579,0.0180111,0.0154842,0.0208345,0.0204053,0.0207593,0.0226498,0.0189075,0.0152155,0.0141651,0.0129594,0.0127688,0.0106249,0.00865162,0.00858463,0.00641369,0.0065795,0.00455727,0.00184399,0.000903906,0.000562576,0.000345425,0.000385342,0.000128971,0}:
{0,97,0,0,0,0,0,0,0,0,0,0,0,0,0,0,0,0,0,0,0,0,0,0,0,0,0,0,0,0,0,0,0,0,0,0,0,0,0,0,0,0,0.000354556,0,0.000363354,0.000108324,0.00135038,0.000595095,0.00301281,0.0025484,0.00243553,0.00583726,0.00576736,0.00569356,0.00721756,0.00911976,0.00676631,0.00978911,0.0114863,0.0104939,0.0105436,0.0110664,0.0134286,0.0154193,0.0183348,0.016842,0.014292,0.0156136,0.0178517,0.0183241,0.0181871,0.0189459,0.0126016,0.0208487,0.0149119,0.0184145,0.0202283,0.0166202,0.0176207,0.0153499,0.0179475,0.017633,0.0170546,0.0168701,0.0151741,0.0132222,0.0115082,0.010264,0.00854519,0.00735286,0.00693348,0.00719971,0.00414044,0.00178783,0.00111998,0.000826787,0.000453048,0.000228045,0,0}:
{0,97,0,0,0,0,0,0,0,0,0,0,0,0,0,0,0,0,0,0,0,0,0,0,0,0,0,0,0,0,0,0,0,0,0,0,0,0,0,0,0,0,0,0,0.000108485,0.000471138,0.000224166,0.000483848,0.00120628,0.00114842,0.00188943,0.00327107,0.00343506,0.00556979,0.00473042,0.00475428,0.00750283,0.00793504,0.00869915,0.0103509,0.00989745,0.00843673,0.0103113,0.00872934,0.0124034,0.0135117,0.0156266,0.0121084,0.0161704,0.0156246,0.0144063,0.0151105,0.0167778,0.0169276,0.0194098,0.0196546,0.0176778,0.0178191,0.0212039,0.0175919,0.0178804,0.0129874,0.0177668,0.0171932,0.0147395,0.0136969,0.0121752,0.00982692,0.00960394,0.00857283,0.00787938,0.00685288,0.00447135,0.00203629,0.00116643,0.000513019,0.000777982,0.000104864,0.000128971,0.000637956}:
{0,97,0,0,0,0,0,0,0,0,0,0,0,0,0,0,0,0,0,0,0,0,0,0,0,0,0,0,0,0,0,0,0,0,0,0,0,0,0,0,0,0,0,0,0,0,0.000862893,0.00122905,0.00116434,0.00131416,0.00104834,0.00256619,0.00173663,0.00391265,0.0036319,0.00365457,0.0069587,0.00689073,0.00624263,0.00793695,0.00836254,0.00985296,0.00857097,0.0130453,0.0119397,0.0131434,0.012723,0.0147492,0.0150032,0.0135979,0.013489,0.01782,0.0198115,0.0153081,0.0130698,0.0151832,0.0226732,0.0159497,0.0180391,0.0173203,0.0190538,0.0162449,0.0168366,0.0154711,0.0156404,0.0134576,0.0132941,0.0111932,0.00839827,0.00795552,0.00862359,0.00775981,0.00436521,0.0020694,0.00108808,0.000723438,0.000496097,0.000228045,0.000128971,0}:
{0,97,0,0,0,0,0,0,0,0,0,0,0,0,0,0,0,0,0,0,0,0,0,0,0,0,0,0,0,0,0,0,0,0,0,0,0,0,0,0,0,0,0,0,0,0,0,0.000222493,0,0.000779916,0.000966645,0.001985,0.00347326,0.00134547,0.00376423,0.00797403,0.00644946,0.00608097,0.00773662,0.00387318,0.00780682,0.00956567,0.0101198,0.00842101,0.0124518,0.0147468,0.0122046,0.011782,0.0114797,0.0199149,0.0169765,0.014332,0.018229,0.0185977,0.0158767,0.0156538,0.0166035,0.0145771,0.0192706,0.0183411,0.0191325,0.0191796,0.0171757,0.0161997,0.0149008,0.0128119,0.0121933,0.0110844,0.0104155,0.00867156,0.0083468,0.00723034,0.0043914,0.00230582,0.000975931,0.000637168,0.000597233,0.000209729,0,0}:
{0,97,0,0,0,0,0,0,0,0,0,0,0,0,0,0,0,0,0,0,0,0,0,0,0,0,0,0,0,0,0,0,0,0,0,0,0,0,0,0,0,0,0,0,0,0,0.000750809,0.000372602,0,0.000122834,0.000966645,0.000537976,0.00160986,0.00339263,0.00327477,0.00325944,0.00437099,0.00588923,0.00523681,0.00683926,0.00734149,0.0084012,0.00705689,0.010706,0.00804987,0.0113689,0.00905979,0.015069,0.0141759,0.0142183,0.0104892,0.0169127,0.0131729,0.0125347,0.0133264,0.0160738,0.0131765,0.0189866,0.0175836,0.0181576,0.018685,0.0182904,0.0174615,0.0181849,0.0146881,0.0130776,0.0124105,0.0103917,0.00969613,0.00785307,0.00814888,0.00734019,0.00424493,0.00191378,0.000999305,0.000612645,0.000439043,0.000209729,0,0}:
{0,97,0,0,0,0,0,0,0,0,0,0,0,0,0,0,0,0,0,0,0,0,0,0,0,0,0,0,0,0,0,0,0,0,0,0,0,0,0,0,0,0,0,0,0.000108485,0,0,0.000372602,0,0,0.000841085,0.00107595,0.00165414,0.00108546,0.00123721,0.00145516,0.00225764,0.00632234,0.00441797,0.00688691,0.00775828,0.00807164,0.00499464,0.00896834,0.00879712,0.00771138,0.00802289,0.00933143,0.0114797,0.0139542,0.0127143,0.0137721,0.0148012,0.0142817,0.0128191,0.0142481,0.0143685,0.0145712,0.0146963,0.0144002,0.0148862,0.0169023,0.0168237,0.0177414,0.0148395,0.0152269,0.012187,0.0130987,0.0103766,0.00801451,0.00842479,0.00723794,0.00429316,0.00230684,0.00113643,0.000651546,0.000525141,0.000385342,0.000644855,0}:
{0,97,0,0,0,0,0,0,0,0,0,0,0,0,0,0,0,0,0,0,0,0,0,0,0,0,0,0,0,0,0,0,0,0,0,0,0,0,0,0,0,0,0,0,0.000363354,0,0,0,0,0,0.00025112,0.000661668,0.00148308,0.00156631,0.00141578,0.00101401,0.00207186,0.00113677,0.00441797,0.00323887,0.00761935,0.00610105,0.0102221,0.0103911,0.00730927,0.00771138,0.0132979,0.0135174,0.00998592,0.0131557,0.0137948,0.0106253,0.0123848,0.0167232,0.0128251,0.0145087,0.0138313,0.0160305,0.0198493,0.0165711,0.0150859,0.0166529,0.0169133,0.0163878,0.0155837,0.0139138,0.0128003,0.0108486,0.00849371,0.00997039,0.00972634,0.00674395,0.00448237,0.0022587,0.00100091,0.000794307,0.00056067,0.000385342,0,0}:
{0,97,0,0,0,0,0,0,0,0,0,0,0,0,0,0,0,0,0,0,0,0,0,0,0,0,0,0,0,0,0,0,0,0,0,0,0,0,0,0,0,0,0,0,0,0,0,0.000372602,0.000804186,0,0.000546102,0.000123691,0,0.00169632,0.000707888,0.00101401,0.00193418,0.00199617,0.00259331,0.00264565,0.00534125,0.00610105,0.00783787,0.00672462,0.00671377,0.00784788,0.010976,0.00805859,0.0110141,0.0117431,0.0124932,0.0110177,0.0138755,0.016628,0.0144226,0.013612,0.0148684,0.0182412,0.0151518,0.0193789,0.0147288,0.0173894,0.0172636,0.0163931,0.0143792,0.0148361,0.0135318,0.0120135,0.0103141,0.0085855,0.0077612,0.00757534,0.00455993,0.00222884,0.00124637,0.000901378,0.000431523,0.000456091,0.000128971,0.000318978}:
{0,97,0,0,0,0,0,0,0,0,0,0,0,0,0,0,0,0,0,0,0,0,0,0,0,0,0,0,0,0,0,0,0,0,0,0,0,0,0,0,0,0,0,0,0,0,0,0,0,0,0,0,0.000424608,0.000260011,0.00101878,0.000441148,0.000736514,0.00309012,0.00119971,0.00296608,0.00325062,0.00446002,0.00495335,0.00695705,0.00555118,0.00524781,0.00569423,0.0100597,0.00883206,0.0101984,0.0111399,0.0108378,0.0122993,0.0115529,0.00951092,0.0154054,0.0144116,0.0153719,0.0142838,0.0144826,0.0165859,0.0152706,0.015786,0.0146089,0.0151309,0.0142291,0.0131051,0.012329,0.00931785,0.00960976,0.00755399,0.00775497,0.00498827,0.00214078,0.00149565,0.000875832,0.000445528,0.00033291,0.000386913,0.000637956}:
{0,97,0,0,0,0,0,0,0,0,0,0,0,0,0,0,0,0,0,0,0,0,0,0,0,0,0,0,0,0,0,0,0,0,0,0,0,0,0,0,0,0,0,0,0,0,0,0,0,0,0,0,0,0.000260011,0.000264664,0.000441148,0.000598831,0.000618025,0.00119971,0.00374334,0.00255596,0.00380091,0.00747461,0.00420722,0.00356455,0.00561619,0.0079801,0.00637077,0.00808852,0.00883195,0.00878464,0.00705357,0.0122138,0.0119801,0.011735,0.0133636,0.0133,0.0110866,0.0142408,0.013533,0.0148075,0.0130608,0.0165499,0.0158851,0.0146518,0.0146893,0.0128098,0.0106943,0.0107144,0.00851298,0.00872632,0.00845255,0.00501232,0.00216485,0.00114876,0.000726649,0.000575709,0.000490207,0.00068991,0.000318978}:
{0,97,0,0,0,0,0,0,0,0,0,0,0,0,0,0,0,0,0,0,0,0,0,0,0,0,0,0,0,0,0,0,0,0,0,0,0,0,0,0,0,0,0,0,0,0,0,0.000372602,0,0,0,0,0.000424608,0.000130006,0,0.000526848,0.000461148,0.000760121,0.00153728,0.00154796,0.00529939,0.00300152,0.00393958,0.00466552,0.00583472,0.0052955,0.00597826,0.00655448,0.00706031,0.00763729,0.00796448,0.0121436,0.0118989,0.0119416,0.0149179,0.0110168,0.0094907,0.014378,0.0164322,0.0114445,0.0186121,0.0152281,0.0160423,0.015383,0.0146987,0.0129355,0.0123878,0.010601,0.0109085,0.00966502,0.00920391,0.00772342,0.00478899,0.00243941,0.00118508,0.000947724,0.000618758,0.000385342,0.000257942,0}:
{0,97,0,0,0,0,0,0,0,0,0,0,0,0,0,0,0,0,0,0,0,0,0,0,0,0,0,0,0,0,0,0,0,0,0,0,0,0,0,0,0,0,0,0,0,0,0,0,0,0,0,0,0,0,0.000575556,0.00171858,0.000137683,0.00233,0.000768642,0.00100239,0.0019517,0.00352036,0.0026996,0.00411818,0.00407662,0.00524781,0.00436648,0.00505037,0.00538567,0.00697712,0.00896651,0.0105028,0.00992868,0.0111319,0.00968002,0.0131858,0.0127197,0.013465,0.0093831,0.0108076,0.0105131,0.0134805,0.0158701,0.0171597,0.0150258,0.0153108,0.0114279,0.0123341,0.0106299,0.00916829,0.00865298,0.00683285,0.00483209,0.00253543,0.00139423,0.000608922,0.000453048,0.000367026,0.000560939,0}:
{0,97,0,0,0,0,0,0,0,0,0,0,0,0,0,0,0,0,0,0,0,0,0,0,0,0,0,0,0,0,0,0,0,0,0,0,0,0,0,0,0,0,0,0,0,0,0,0,0,0,0,0,0,0.000260011,0.000132332,0.00057286,0,0.000618025,0.000481264,0.00127518,0.00102105,0.00333108,0.00238421,0.00210689,0.003703,0.0050225,0.00431687,0.00364138,0.00674043,0.00622469,0.00491919,0.00593999,0.00738083,0.00772088,0.00833922,0.0107623,0.00846542,0.013459,0.0100478,0.014477,0.0160655,0.0129874,0.013927,0.0145232,0.0166191,0.014673,0.0127798,0.0123393,0.0102812,0.010489,0.0075604,0.00779804,0.00545898,0.00257816,0.00114907,0.000787374,0.000517621,0.000157297,0.000128971,0.00106837}:
{0,97,0,0,0,0,0,0,0,0,0,0,0,0,0,0,0,0,0,0,0,0,0,0,0,0,0,0,0,0,0,0,0,0,0,0,0,0,0,0,0,0,0,0,0,0,0,0,0,0,0.000420542,0,0,0.000130006,0,0,0.000137683,0.000618025,0.000912332,0.000409177,0.00102105,0.0011222,0.00169241,0.00384451,0.00314921,0.00341907,0.00470012,0.00249813,0.00683087,0.00472617,0.0100532,0.0074909,0.00816894,0.00656698,0.00833922,0.0080844,0.0102377,0.0081799,0.0118208,0.0129373,0.0115655,0.0132736,0.0136608,0.014928,0.0145307,0.0150125,0.0140554,0.0111486,0.0107997,0.010634,0.00892248,0.00786783,0.0053028,0.00223164,0.00149565,0.000893933,0.000453048,0.000684136,0.000128971,0}:
{0,97,0,0,0,0,0,0,0,0,0,0,0,0,0,0,0,0,0,0,0,0,0,0,0,0,0,0,0,0,0,0,0,0,0,0,0,0,0,0,0,0,0,0,0,0,0,0,0,0,0,0,0,0,0,0.000131712,0.000461148,0,0.000143689,0.000545569,0.00186131,0.000750381,0.0014662,0.00086881,0.0029624,0.00219056,0.00379842,0.00428107,0.00530191,0.00525431,0.00496466,0.00701478,0.00918016,0.00857516,0.00707997,0.0060365,0.00916332,0.00913634,0.00901365,0.00926793,0.013755,0.0096874,0.0144368,0.0146884,0.0163588,0.013617,0.0142641,0.0119321,0.00932618,0.010769,0.00910031,0.00923328,0.00530888,0.00221801,0.0015443,0.00103991,0.000626277,0.000508523,0.00068991,0}:
{0,97,0,0,0,0,0,0,0,0,0,0,0,0,0,0,0,0,0,0,0,0,0,0,0,0,0,0,0,0,0,0,0,0,0,0,0,0,0,0,0,0,0,0,0,0,0,0,0,0,0,0,0,0,0,0,0,0.000618025,0,0.000272785,0.000138931,0,0.00178816,0.00343401,0.00180646,0.00324144,0.00418168,0.00414492,0.0039957,0.00538635,0.0083612,0.00464654,0.00540428,0.00699412,0.0068731,0.00787439,0.0103671,0.0104655,0.0107926,0.00938594,0.00909763,0.0108319,0.0129908,0.0151563,0.0138622,0.0134514,0.0138916,0.0119313,0.0113493,0.00938039,0.0085284,0.00877084,0.00532887,0.00245163,0.0013203,0.000754894,0.000409999,0.000736569,0.000257942,0}:
{0,97,0,0,0,0,0,0,0,0,0,0,0,0,0,0,0,0,0,0,0,0,0,0,0,0,0,0,0,0,0,0,0,0,0,0,0,0,0,0,0,0,0,0,0,0,0,0,0,0,0,0,0,0,0,0.000131712,0,0.000142096,0,0,0,0.00103093,0.00151407,0.000916612,0.000692235,0.00191756,0.00413206,0.0030968,0.00227918,0.00410578,0.00583028,0.00581126,0.00351318,0.00883022,0.00884653,0.00679988,0.00838506,0.00968264,0.00831776,0.00994038,0.00917635,0.0103022,0.0117019,0.0142001,0.0153534,0.0138321,0.0131003,0.0124438,0.0115782,0.0112059,0.0103955,0.00856725,0.00534038,0.00243559,0.00133073,0.000708548,0.000834003,5.24322e-05,0.000128971,0}:
{0,97,0,0,0,0,0,0,0,0,0,0,0,0,0,0,0,0,0,0,0,0,0,0,0,0,0,0,0,0,0,0,0,0,0,0,0,0,0,0,0,0,0,0,0,0,0,0,0,0,0,0,0,0,0,0,0,0,0.000962528,0,0.000138931,0,0.000274089,0.000410504,0.00208335,0.00113969,0.00213704,0.00304924,0.00176508,0.00366355,0.00422294,0.00477527,0.00390723,0.00853061,0.00662245,0.00833886,0.00619913,0.00672653,0.00654472,0.0069847,0.00829295,0.00626557,0.0121207,0.0150108,0.0140764,0.0141438,0.0151042,0.012431,0.0123863,0.0110663,0.0085348,0.00802258,0.00574608,0.00264635,0.00152755,0.00122208,0.000741419,0.000419458,0.000257942,0.000318978}:
{0,97,0,0,0,0,0,0,0,0,0,0,0,0,0,0,0,0,0,0,0,0,0,0,0,0,0,0,0,0,0,0,0,0,0,0,0,0,0,0,0,0,0,0,0,0,0,0,0,0,0,0,0,0,0,0,0,0,0.000143689,0.000136392,0.000604258,0.00046983,0.000137045,0.000458306,0.00115594,0.00210175,0.00061767,0.00200112,0.00153564,0.00366355,0.00278498,0.00214957,0.00166797,0.00499206,0.00582071,0.00527922,0.00908889,0.00943417,0.00601501,0.0092736,0.00906117,0.0101804,0.0112161,0.0147058,0.0142634,0.0132874,0.0126043,0.0121507,0.0111222,0.0107863,0.00886659,0.00841916,0.00580354,0.00252161,0.00145773,0.00099086,0.000575709,0.000718252,0.00112188,0}:
{0,97,0,0,0,0,0,0,0,0,0,0,0,0,0,0,0,0,0,0,0,0,0,0,0,0,0,0,0,0,0,0,0,0,0,0,0,0,0,0,0,0,0,0,0,0,0,0,0,0,0,0,0,0,0.000132332,0,0,0,0.000962528,0,0,0,0,0.000136835,0.000138447,0.000136501,0.000426044,0.000728275,0.00195263,0.00251501,0.00348123,0.00107479,0.00307325,0.00631192,0.00380951,0.00889223,0.00834191,0.00419248,0.00588595,0.0089196,0.00975067,0.00798233,0.0113259,0.0130899,0.0147153,0.0142518,0.0130256,0.0120865,0.0109458,0.0103013,0.00770067,0.00776557,0.00534471,0.00253505,0.00130766,0.000844376,0.000611239,0.000560955,0.000128971,0.00127591}:
{0,97,0,0,0,0,0,0,0,0,0,0,0,0,0,0,0,0,0,0,0,0,0,0,0,0,0,0,0,0,0,0,0,0,0,0,0,0,0,0,0,0,0,0,0,0,0,0,0,0,0,0,0,0,0,0,0,0,0,0,0.000138931,0.000610105,0,0,0.000463706,0.000136501,0.00061767,0.00104812,0.00162608,0.00207278,0.00191311,0.00180836,0.00443894,0.00371063,0.00515633,0.0068121,0.00611284,0.00427332,0.00675391,0.00643025,0.00696204,0.00789724,0.00987681,0.0122489,0.0139856,0.0136846,0.0132783,0.014232,0.0113367,0.0104708,0.0089216,0.00800255,0.00551701,0.00301611,0.0014811,0.000983415,0.000741419,0.000684136,0.00107682,0}:
{0,97,0,0,0,0,0,0,0,0,0,0,0,0,0,0,0,0,0,0,0,0,0,0,0,0,0,0,0,0,0,0,0,0,0,0,0,0,0,0,0,0,0,0,0,0,0,0,0,0,0,0,0,0,0,0,0,0,0,0,0,0,0.000459009,0,0.000276894,0,0,0.00100056,0.000743542,0.000660178,0.000260311,0.00219454,0.00153662,0.0023401,0.0035211,0.00612539,0.00388376,0.00423588,0.00523309,0.00437736,0.00772445,0.00630811,0.0105279,0.0127175,0.0145192,0.0128896,0.0132476,0.0118627,0.0114828,0.00938499,0.00904354,0.00756198,0.00585906,0.00253606,0.00172817,0.000740516,0.0007339,0.000718252,0.000257942,0.00106837}:
{0,97,0,0,0,0,0,0,0,0,0,0,0,0,0,0,0,0,0,0,0,0,0,0,0,0,0,0,0,0,0,0,0,0,0,0,0,0,0,0,0,0,0,0,0,0,0,0,0,0,0,0,0,0,0,0,0,0,0.000143689,0,0,0,0,0.00027367,0.000415341,0.000136501,0.00204464,0.000864418,0.00264762,0.00410578,0.00330561,0.00658363,0.00711813,0.00886865,0.0122801,0.0124608,0.0176719,0.0186888,0.025526,0.0320389,0.0374969,0.042999,0.0538438,0.0802626,0.0992538,0.100863,0.102526,0.0960152,0.0929783,0.0842905,0.0771242,0.072315,0.0468716,0.0222734,0.012127,0.00769478,0.00554184,0.00324255,0.00383027,0.0020253}:
{0,97,0,0,0,0,0,0,0,0,0,0,0,0,0,0,0,0,0,0,0,0,0,0,0,0,0,0,0,0,0,0,0,0,0,0,0,0,0,0,0,0,0,0,0,0,0,0,0,0,0,0,0,0,0,0,0,0,0,0,0,0,0,0,0,0,0,0,0,0.000132036,0.000520622,0.000257454,0.0002627,0.000637652,0,0.00093506,0.00230944,0.00494385,0.00403869,0.00528014,0.0052988,0.0106676,0.0204401,0.0454978,0.0730617,0.0905303,0.0955352,0.0982867,0.0908018,0.0896357,0.0809706,0.0750005,0.0509095,0.0250787,0.0136861,0.0083815,0.00525141,0.00490962,0.00266953,0.000956935}:
{0,97,0,0,0,0,0,0,0,0,0,0,0,0,0,0,0,0,0,0,0,0,0,0,0,0,0,0,0,0,0,0,0,0,0,0,0,0,0,0,0,0,0,0,0,0,0,0,0,0,0,0,0,0,0,0,0,0,0,0,0,0,0,0,0,0,0,0,0,0,0,0,0,0.000427143,0,0,0.000537179,0.000664569,0.000246301,0.000472002,0.000241984,0.00118121,0.00603174,0.024836,0.0623131,0.107311,0.139286,0.159399,0.172435,0.171485,0.165638,0.153725,0.1128,0.0558507,0.0318173,0.0205018,0.0147275,0.0110069,0.00671888,0.00457713}:
{0,97,0,0,0,0,0,0,0,0,0,0,0,0,0,0,0,0,0,0,0,0,0,0,0,0,0,0,0,0,0,0,0,0,0,0,0,0,0,0,0,0,0,0,0,0,0,0,0,0,0,0,0,0,0,0,0,0,0,0,0,0,0,0,0,0,0,0,0,0,0,0,0,0,0,0,0,0,0,0,0,0,3.00838e-05,0.000492136,0.00498329,0.0219976,0.0495983,0.0867408,0.121179,0.137966,0.14832,0.15136,0.120092,0.0630924,0.0358778,0.0231403,0.0140691,0.0133214,0.006203,0.00842018}:
{0,97,0,0,0,0,0,0,0,0,0,0,0,0,0,0,0,0,0,0,0,0,0,0,0,0,0,0,0,0,0,0,0,0,0,0,0,0,0,0,0,0,0,0,0,0,0,0,0,0,0,0,0,0,0,0,0,0,0,0,0,0,0,0,0,0,0,0,0,0,0,0,0,0,0,0,0,0,0,0,0,0,0,0,0,0.000545526,0.00557335,0.0177234,0.0459883,0.0728616,0.101936,0.12212,0.123104,0.0714394,0.0423912,0.0292395,0.0183519,0.0166505,0.00801478,0.00842018}:
{0,97,0,0,0,0,0,0,0,0,0,0,0,0,0,0,0,0,0,0,0,0,0,0,0,0,0,0,0,0,0,0,0,0,0,0,0,0,0,0,0,0,0,0,0,0,0,0,0,0,0,0,0,0,0,0,0,0,0,0,0,0,0,0,0,0,0,0,0,0,0,0,0,0,0,0,0,0,0,0,0,0,0,0,0,0,0.000211016,0.00103805,0.00521404,0.018515,0.0425582,0.0662822,0.112378,0.0774137,0.0477156,0.0304042,0.0194904,0.0155577,0.00995554,0.00724038}:
{0,97,0,0,0,0,0,0,0,0,0,0,0,0,0,0,0,0,0,0,0,0,0,0,0,0,0,0,0,0,0,0,0,0,0,0,0,0,0,0,0,0,0,0,0,0,0,0,0,0,0,0,0,0,0,0,0,0,0,0,0,0,0,0,0,0,0,0,0,0,0,0,0,0,0,0,0,0,0,0,0,0,0,0,0,0,0,0,0.00026006,0.000921809,0.00535954,0.0153036,0.0906274,0.0840384,0.0507263,0.03413,0.023261,0.0179247,0.0133212,0.0142885};
>
