energy(#app_anumu)<
@energy =
{0,97,0,0,0,0,0.0770049,0,0,0,0,0,0,0,0,0,0,0,0,0,0,0,0,0,0,0,0,0,0,0,0,0,0,0,0,0,0,0,0,0,0,0,0,0,0,0,0,0,0,0,0,0,0,0,0,0,0,0,0,0,0,0,0,0,0,0,0,0,0,0,0,0,0,0,0,0,0,0,0,0,0,0,0,0,0,0,0,0,0,0,0,0,0,0,0,0,0,0,0,0}:
{0,97,0,0,0,1,0.252712,0,0.00939382,0,0.0475657,0.00638764,0,0.0167868,0,0,0,0,0,0,0,0,0,0,0,0,0,0,0,0,0,0,0,0,0,0,0,0,0,0,0,0,0,0,0,0,0,0,0,0,0,0,0,0,0,0,0,0,0,0,0,0,0,0,0,0,0,0,0,0,0,0,0,0,0,0,0,0,0,0,0,0,0,0,0,0,0,0,0,0,0,0,0,0,0,0,0,0,0,0}:
{0,97,0,0,0,0,0.126356,0.103728,0,0.0895725,0.0475657,0.0209627,0.0281716,0,0.0167253,0,0,0,0,0,0,0,0,0,0,0,0,0,0,0,0,0,0,0,0,0,0,0,0,0,0,0,0,0,0,0,0,0,0,0,0,0,0,0,0,0,0,0,0,0,0,0,0,0,0,0,0,0,0,0,0,0,0,0,0,0,0,0,0,0,0,0,0,0,0,0,0,0,0,0,0,0,0,0,0,0,0,0,0,0}:
{0,97,0,0,0,0,0.291215,0.315048,0.182323,0.0895725,0.0785954,0.103014,0.0431843,0,0.0218218,0,0.0839339,0,0.014847,0,0,0,0,0,0,0,0,0,0,0,0,0,0,0,0,0,0,0,0,0,0,0,0,0,0,0,0,0,0,0,0,0,0,0,0,0,0,0,0,0,0,0,0,0,0,0,0,0,0,0,0,0,0,0,0,0,0,0,0,0,0,0,0,0,0,0,0,0,0,0,0,0,0,0,0,0,0,0,0,0}:
{0,97,0,0,0,0,0.252712,0.387483,0.296242,0.132436,0.102378,0.195052,0.0497637,0.0554755,0.0603689,0.0548126,0.0127879,0,0.0487245,0.0494588,0,0.097043,0,0,0,0,0,0,0,0,0.116152,0,0,0,0,0,0,0,0,0,0,0,0,0,0,0,0,0,0,0,0,0,0,0,0,0,0,0,0,0,0,0,0,0,0,0,0,0,0,0,0,0,0,0,0,0,0,0,0,0,0,0,0,0,0,0,0,0,0,0,0,0,0,0,0,0,0,0,0,0}:
{0,97,0,0,0,0,0,0.193741,0.36994,0.125613,0.268858,0.103014,0.177463,0.0992794,0.0719977,0.0713485,0.167868,0.0625126,0.014847,0.0494588,0,0.126613,0,0,0,0,0,0,0,0,0,0,0,0,0,0,0,0,0,0,0,0,0,0,0,0,0,0,0,0,0,0,0,0,0,0,0,0,0,0,0,0,0,0,0,0,0,0,0,0,0,0,0,0,0,0,0,0,0,0,0,0,0,0,0,0,0,0,0,0,0,0,0,0,0,0,0,0,0,0}:
{0,97,0,0,0,0,0,0,0.142101,0.376838,0.202715,0.178677,0.272265,0.156196,0.150528,0.102378,0.0839339,0.0791692,0,0.0494588,0,0,0,0,0.214945,0.120414,0,0,0,0,0,0,0,0,0.132916,0,0,0,0,0,0,0,0,0,0,0,0,0,0,0,0,0,0,0,0,0,0,0,0,0,0,0,0,0,0,0,0,0,0,0,0,0,0,0,0,0,0,0,0,0,0,0,0,0,0,0,0,0,0,0,0,0,0,0,0,0,0,0,0,0}:
{0,97,0,0,0,0,0,0,0,0.163575,0.221292,0.123977,0.0563432,0.117507,0.105448,0.0475657,0.0419669,0.0791692,0,0.148376,0,0.194086,0,0.097043,0,0,0,0,0,0,0,0,0,0,0,0,0,0,0,0,0,0,0,0,0,0,0,0,0,0,0,0,0,0,0,0,0,0,0,0,0,0,0,0,0,0,0,0,0,0,0,0,0,0,0,0,0,0,0,0,0,0,0,0,0,0,0,0,0,0,0,0,0,0,0,0,0,0,0,0}:
{0,97,0,0,0,0,0,0,0,0.0223931,0.0310298,0.180477,0.169029,0.237247,0.130931,0.180974,0.164265,0.103126,0.0974489,0.0989176,0.166667,0,0,0,0,0,0.111111,0.142857,0,0,0,0,0,0,0,0,0,0,0,0,0,0,0,0,0,0,0,0,0,0,0,0,0,0,0,0,0,0,0,0,0,0,0,0,0,0,0,0,0,0,0,0,0,0,0,0,0,0,0,0,0,0,0,0,0,0,0,0,0,0,0,0,0,0,0,0,0,0,0,0}:
{0,97,0,0,0,0,0,0,0,0,0,0.067476,0.106107,0.161311,0.143995,0.157191,0.138689,0.151039,0.194898,0.0494588,0.166667,0,0,0.0295703,0.0327483,0,0,0,0,0,0,0,0,0,0,0,0,0,0,0,0,0,0,0,0,0,0,0,0,0,0,0,0,0,0,0,0,0,0,0,0,0,0,0,0,0,0,0,0,0,0,0,0,0,0,0,0,0,0,0,0,0,0,0,0,0,0,0,0,0,0,0,0,0,0,0,0,0,0,0}:
{0,97,0,0,0,0,0,0,0,0,0,0.0209627,0.0413304,0.105836,0.177446,0.212004,0.0967218,0.174995,0.0974489,0.113988,0.166667,0,0,0,0.107472,0,0.111111,0,0,0,0,0,0,0,0,0.0232022,0,0,0,0,0,0,0,0,0,0,0,0,0,0,0,0,0,0,0,0,0,0,0,0,0,0,0,0,0,0,0,0,0,0,0,0,0,0,0,0,0,0,0,0,0,0,0,0,0,0,0,0,0,0,0,0,0,0,0,0,0,0,0,0}:
{0,97,0,0,0,0,0,0,0,0,0,0,0.00657943,0.0335735,0.104012,0.126161,0.0419669,0.0239564,0.146173,0.148376,0,0.097043,0.1,0.097043,0,0,0,0,0.131416,0,0,0,0,0,0.132916,0,0,0,0,0,0,0,0,0,0,0,0,0,0,0,0,0,0,0,0,0,0,0,0,0,0,0,0,0,0,0,0,0,0,0,0,0,0,0,0,0,0,0,0,0,0,0,0,0,0,0,0,0,0,0,0,0,0,0,0,0,0,0,0,0}:
{0,97,0,0,0,0,0,0,0,0,0,0,0.0281716,0.0167868,0.0167253,0,0.0839339,0.215608,0.194898,0.0494588,0.166667,0.194086,0.1,0.097043,0.107472,0.157105,0,0.142857,0,0.107472,0,0,0,0,0,0,0,0,0,0,0,0,0,0,0,0,0,0,0,0,0,0,0,0,0,0,0,0,0,0,0,0,0,0,0,0,0,0,0,0,0,0,0,0,0,0,0,0,0,0,0,0,0,0,0,0,0,0,0,0,0,0,0,0,0,0,0,0,0,0}:
{0,97,0,0,0,0,0,0,0,0,0,0,0,0,0,0.0237828,0.0419669,0.0718693,0.0974489,0.129059,0.166667,0,0.1,0,0,0,0,0,0.131416,0,0,0.151299,0,0,0,0,0,0,0,0,0,0,0,0,0,0,0,0,0.0389248,0,0,0,0,0,0,0,0,0.114385,0,0,0,0,0,0,0,0,0,0,0,0,0,0,0,0,0,0,0,0,0,0,0,0,0,0,0,0,0,0,0,0,0,0,0,0,0,0,0,0,0,0}:
{0,97,0,0,0,0,0,0,0,0,0,0,0.0215921,0,0,0.0237828,0.0419669,0.0312563,0.0635715,0,0,0,0.1,0.194086,0.107472,0,0.222222,0,0,0.107472,0,0.151299,0,0,0.132916,0,0.173417,0,0,0,0,0,0,0,0,0,0,0,0,0,0,0,0,0,0,0,0,0,0,0,0,0,0,0,0,0,0,0,0,0,0,0,0,0,0,0,0,0,0,0,0,0,0,0,0,0,0,0,0,0,0,0,0,0,0,0,0,0,0,0}:
{0,97,0,0,0,0,0,0,0,0,0,0,0,0,0,0,0,0,0.014847,0.0150708,0,0.097043,0,0,0,0,0,0,0,0,0,0,0.0357496,0.0839339,0,0,0.132916,0,0,0,0,0,0,0,0,0,0,0,0,0.0336807,0,0,0,0,0,0,0,0,0,0,0,0,0,0,0,0,0,0,0,0,0,0,0,0,0,0,0,0,0,0,0,0,0,0,0,0,0,0,0,0,0,0,0,0,0,0,0,0,0,0}:
{0,97,0,0,0,0,0,0,0,0,0,0,0,0,0,0,0,0.00729986,0.014847,0.0494588,0,0.097043,0,0,0,0.120414,0,0,0.131416,0.107472,0,0.0461029,0,0,0,0,0,0,0,0,0,0,0,0,0,0,0,0,0,0,0,0,0,0.140194,0.0340034,0,0,0,0,0,0,0,0,0,0,0,0,0,0,0,0,0,0,0,0,0,0,0,0,0,0,0,0,0,0,0,0,0,0,0,0,0,0,0,0,0,0,0,0,0}:
{0,97,0,0,0,0,0,0,0,0,0,0,0,0,0,0,0,0,0,0.0494588,0.166667,0,0.3,0,0.214945,0.120414,0.111111,0,0,0,0,0,0,0.0839339,0,0,0.132916,0,0,0,0,0,0,0,0,0,0,0,0,0,0,0,0,0,0,0,0.181042,0,0,0,0,0,0,0,0,0,0,0,0,0,0,0,0,0,0,0,0,0,0,0,0,0,0,0,0,0,0,0,0,0,0,0,0,0,0,0,0,0,0,0}:
{0,97,0,0,0,0,0,0,0,0,0,0,0,0,0,0,0,0,0,0,0,0.097043,0.2,0.194086,0,0,0.111111,0.142857,0.131416,0,0.116152,0,0,0.0839339,0,0,0,0,0,0,0,0,0,0,0.0946653,0,0,0,0,0,0,0,0,0,0,0,0,0,0,0,0,0,0,0,0,0,0,0,0,0,0,0,0,0,0,0,0,0,0,0,0,0,0,0,0,0,0,0,0,0,0,0,0,0,0,0,0,0,0,0}:
{0,97,0,0,0,0,0,0,0,0,0,0,0,0,0,0,0,0,0,0,0,0,0.1,0.097043,0,0.120414,0.111111,0,0,0,0.0353931,0.151299,0.117322,0.0255758,0,0,0,0,0,0,0,0.216947,0,0,0.405335,0.0986875,0.237031,0,0,0,0,0,0.0515229,0,0.0340034,0,0,0,0,0,0,0,0,0,0,0,0,0,0,0,0,0,0,0,0,0,0,0,0,0,0,0,0,0,0,0,0,0,0,0,0,0,0,0,0,0,0,0,0,0}:
{0,97,0,0,0,0,0,0,0,0,0,0,0,0,0,0,0,0,0,0,0,0,0,0.097043,0,0,0.111111,0,0.302876,0,0,0.151299,0.270393,0,0,0.0232022,0,0,0.178271,0,0,0,0,0,0,0,0,0,0,0,0,0,0,0,0,0,0,0,0,0,0,0,0,0,0,0,0,0,0,0,0,0,0,0,0,0,0,0,0,0,0,0,0,0,0,0,0,0,0,0,0,0,0,0,0,0,0,0,0,0}:
{0,97,0,0,0,0,0,0,0,0,0,0,0,0,0,0,0,0,0,0,0,0,0,0.097043,0.107472,0.120414,0,0,0,0,0.116152,0.151299,0.117322,0,0,0.0761441,0,0,0,0,0.277052,0,0,0,0,0,0,0,0,0,0,0,0,0,0,0,0,0,0,0,0,0,0,0,0,0,0,0,0,0,0,0,0,0,0,0,0,0,0,0,0,0,0,0,0,0,0,0,0,0,0,0,0,0,0,0,0,0,0,0}:
{0,97,0,0,0,0,0,0,0,0,0,0,0,0,0,0,0,0,0,0,0,0,0,0,0,0.120414,0,0.142857,0,0.140221,0,0,0.234643,0,0.132916,0,0,0.126356,0,0,0,0,0.0923507,0,0,0,0,0,0,0,0,0,0,0,0,0,0,0,0,0,0,0,0,0,0,0,0,0,0,0,0,0,0,0,0,0,0,0,0,0,0,0,0,0,0,0,0,0,0,0,0,0,0,0,0,0,0,0,0,0}:
{0,97,0,0,0,0,0,0,0,0,0,0,0,0,0,0,0,0,0,0,0,0,0,0,0.107472,0,0,0.285714,0.131416,0.214945,0,0.151299,0.0357496,0,0,0,0,0,0,0,0,0,0,0,0,0,0.0722267,0,0,0,0,0,0.169086,0,0,0,0,0,0,0,0,0,0,0,0,0,0,0,0,0,0,0,0,0,0,0,0,0,0,0,0,0,0,0,0,0,0,0,0,0,0,0,0,0,0,0,0,0,0,0}:
{0,97,0,0,0,0,0,0,0,0,0,0,0,0,0,0,0,0,0,0,0,0,0,0,0,0,0,0,0,0.107472,0.116152,0,0.117322,0,0,0.152288,0,0,0,0,0,0.0661067,0.0923507,0,0,0,0,0,0,0.144213,0,0,0,0,0,0,0,0,0,0,0,0,0,0.0864788,0,0,0,0,0,0,0,0,0,0,0,0,0,0,0,0,0,0,0,0,0,0,0,0,0,0,0,0,0,0,0,0,0,0,0,0}:
{0,97,0,0,0,0,0,0,0,0,0,0,0,0,0,0,0,0,0,0,0,0,0,0,0,0,0,0,0,0,0.116152,0.0461029,0,0.0255758,0,0,0.0405012,0.126356,0.178271,0.136898,0,0,0,0,0,0,0,0,0,0,0,0,0,0,0.0340034,0,0,0,0,0,0,0,0,0,0,0,0,0,0,0,0,0,0,0,0,0,0,0,0,0,0,0,0,0,0,0,0,0,0,0,0,0,0,0,0,0,0,0,0,0}:
{0,97,0,0,0,0,0,0,0,0,0,0,0,0,0,0,0,0,0,0,0,0,0,0,0,0.120414,0,0,0,0.107472,0.116152,0,0,0.335735,0.0405012,0,0,0,0,0.136898,0.361474,0,0.0562811,0,0,0,0,0,0,0,0,0,0.338172,0,0,0,0,0,0,0,0,0,0,0,0,0.0673614,0,0,0,0,0,0,0,0,0,0,0,0,0,0,0,0,0,0,0,0,0,0,0,0,0,0,0,0,0,0,0,0,0,0}:
{0,97,0,0,0,0,0,0,0,0,0,0,0,0,0,0,0,0,0,0,0,0,0,0,0,0,0,0,0.0400443,0,0.151545,0,0.0357496,0.0839339,0,0.228432,0.346834,0.126356,0,0,0,0,0,0.0864788,0,0,0,0.237031,0.127742,0,0.0389248,0.0864788,0,0,0,0.0473327,0,0,0.138526,0,0,0,0,0,0,0,0,0,0,0,0,0,0,0,0,0,0,0,0,0,0,0,0,0,0,0,0,0,0,0,0,0,0,0,0,0,0,0,0,0}:
{0,97,0,0,0,0,0,0,0,0,0,0,0,0,0,0,0,0,0,0,0,0,0,0,0,0,0.111111,0,0,0,0,0,0,0.0255758,0,0,0,0.252712,0,0,0,0,0,0,0.0946653,0.0300715,0,0.0722267,0,0,0,0,0,0,0,0,0,0,0,0,0,0,0,0,0,0,0,0,0,0,0,0,0,0,0,0,0,0,0,0,0,0,0,0,0,0,0,0,0,0,0,0,0,0,0,0,0,0,0,0}:
{0,97,0,0,0,0,0,0,0,0,0,0,0,0,0,0,0,0,0,0,0,0,0,0,0,0,0,0.142857,0,0,0,0,0,0,0.173417,0.0464043,0,0,0.232593,0,0,0.216947,0.120491,0,0,0,0,0,0,0.0336807,0,0,0,0,0,0,0,0,0,0,0,0,0,0,0,0,0,0,0,0,0,0,0,0,0,0,0,0,0,0,0,0,0,0,0,0,0,0,0,0,0,0,0,0,0,0,0,0,0,0}:
{0,97,0,0,0,0,0,0,0,0,0,0,0,0,0,0,0,0,0,0,0,0,0,0,0,0,0,0,0,0,0.116152,0,0.0357496,0.167868,0.0405012,0,0.0405012,0,0.178271,0.136898,0,0,0.0923507,0.0864788,0.0946653,0.0986875,0,0,0,0,0.0389248,0,0,0,0,0,0,0,0,0,0,0.189331,0,0,0,0,0,0,0,0,0,0,0,0,0,0,0,0,0,0,0,0,0,0.0298567,0,0,0,0,0,0,0,0,0,0,0,0,0,0,0,0}:
{0,97,0,0,0,0,0,0,0,0,0,0,0,0,0,0,0,0,0,0,0,0,0,0,0,0,0,0,0,0,0,0,0,0,0.0405012,0.0232022,0,0.164859,0,0.315511,0,0.216947,0.0281406,0,0,0.0300715,0.237031,0,0,0.0336807,0,0,0,0.0427189,0.111591,0.155335,0,0,0,0.0686647,0,0.621339,0,0,0,0.221064,0,0,0,0,0,0,0,0,0,0,0,0,0,0,0,0,0,0,0,0,0,0,0,0,0,0,0,0,0,0,0,0,0,0}:
{0,97,0,0,0,0,0,0,0,0,0,0,0,0,0,0,0,0,0,0,0,0,0,0,0,0,0,0,0,0,0,0,0,0.0839339,0.132916,0.228432,0,0.164859,0.0543218,0,0,0,0.0281406,0,0,0,0,0,0,0.144213,0,0,0.0515229,0,0,0,0,0.114385,0,0,0,0,0,0,0,0,0,0,0,0,0,0,0,0,0,0,0,0,0,0,0,0,0,0,0,0,0,0,0,0,0,0,0,0,0,0,0,0,0,0}:
{0,97,0,0,0,0,0,0,0,0,0,0,0,0,0,0,0,0,0,0,0,0,0,0,0,0,0,0,0,0.107472,0,0,0,0,0,0.0761441,0,0,0.178271,0,0,0,0,0,0,0,0,0.0722267,0.127742,0.0336807,0,0,0,0.0427189,0,0,0,0,0,0,0,0,0,0,0.0642528,0,0,0,0,0,0,0,0,0,0,0,0,0,0,0,0,0,0,0,0,0,0,0,0,0,0,0,0,0,0,0,0,0,0,0}:
{0,97,0,0,0,0,0,0,0,0,0,0,0,0,0,0,0,0,0,0,0,0,0,0,0,0,0,0,0,0,0,0,0,0,0,0.0232022,0,0,0,0.136898,0,0,0,0,0,0,0.0722267,0,0.255484,0.110532,0,0.0864788,0,0,0,0.0473327,0,0.0348546,0,0,0,0,0,0,0,0,0,0,0,0,0,0,0,0,0,0,0,0,0,0,0,0,0,0,0,0,0,0,0,0,0,0,0,0,0,0,0,0,0,0}:
{0,97,0,0,0,0,0,0,0,0,0,0,0,0,0,0,0,0,0,0,0,0,0,0,0,0,0,0,0,0,0,0,0,0,0.0405012,0.0761441,0.132916,0,0,0,0.361474,0,0.0923507,0.283803,0.310669,0.0300715,0,0,0,0,0,0,0,0.140194,0,0,0,0,0,0,0,0,0,0,0,0,0,0,0,0,0,0,0,0,0,0,0,0,0,0,0,0,0,0,0,0,0,0,0,0,0,0,0,0,0,0,0,0,0,0}:
{0,97,0,0,0,0,0,0,0,0,0,0,0,0,0,0,0,0,0,0,0,0,0,0,0,0,0,0,0,0,0,0,0,0,0,0,0,0,0,0,0,0,0.0923507,0.283803,0,0,0.0722267,0.237031,0,0.221064,0,0,0,0,0.0680068,0,0,0,0,0.0686647,0,0,0,0,0,0,0.0642528,0,0,0,0,0,0,0,0,0,0.181042,0,0,0,0,0,0,0,0,0,0,0,0,0,0,0,0,0,0,0,0,0,0,0}:
{0,97,0,0,0,0,0,0,0,0,0,0,0,0,0,0,0,0,0,0,0,0,0,0,0,0,0,0,0,0,0,0,0,0,0,0,0,0,0,0.136898,0,0.216947,0,0.172958,0,0.0300715,0,0,0,0.110532,0,0,0,0,0,0,0,0.0348546,0,0,0,0,0,0,0,0,0,0.107738,0,0,0,0,0.221064,0,0,0,0,0,0,0,0,0,0,0,0,0,0,0,0,0,0,0,0,0,0,0,0,0,0,0}:
{0,97,0,0,0,0,0,0,0,0,0,0,0,0,0,0,0,0,0,0,0,0,0,0,0,0,0,0,0,0,0,0,0,0,0,0,0,0,0,0,0,0.0661067,0,0,0,0,0,0.237031,0,0,0.127742,0.283803,0,0,0.145595,0,0,0,0.138526,0,0,0,0,0,0,0,0,0,0,0,0,0,0,0,0.25,0,0,0,0,0,0.0603736,0,0,0,0,0,0,0,0,0,0,0,0,0,0,0,0,0,0,0}:
{0,97,0,0,0,0,0,0,0,0,0,0,0,0,0,0,0,0,0,0,0,0,0,0,0,0,0,0,0,0,0,0,0,0,0,0,0,0,0,0,0,0,0,0,0,0.128759,0.0722267,0,0.0389248,0,0,0,0,0.182912,0.0340034,0,0,0,0.138526,0,0,0,0,0,0.0642528,0,0,0,0,0,0,0,0,0,0,0,0,0,0,0,0,0,0,0,0,0,0,0,0,0,0,0,0,0,0,0,0,0,0,0}:
{0,97,0,0,0,0,0,0,0,0,0,0,0,0,0,0,0,0,0,0,0,0,0,0,0,0,0,0,0,0,0,0,0,0,0,0.0232022,0,0,0,0,0,0,0.184701,0,0,0.0300715,0,0.0722267,0,0,0,0,0,0,0.0340034,0,0,0,0,0,0,0,0,0,0,0,0,0,0,0,0,0,0,0,0,0,0,0,0,0,0,0,0,0,0,0,0,0,0,0,0,0,0,0,0,0,0,0,0,0}:
{0,97,0,0,0,0,0,0,0,0,0,0,0,0,0,0,0,0,0,0,0,0,0,0,0,0,0,0,0,0,0,0,0,0,0,0,0,0.0385025,0,0,0,0,0,0,0,0,0,0,0,0.0336807,0,0.0864788,0,0,0.0340034,0.0473327,0,0.0348546,0,0,0.191613,0,0,0,0,0,0,0,0,0,0,0,0,0,0,0,0,0,0,0,0,0,0.0386341,0,0,0,0,0,0,0,0,0,0,0,0,0,0,0,0,0}:
{0,97,0,0,0,0,0,0,0,0,0,0,0,0,0,0,0,0,0,0,0,0,0,0,0,0,0,0,0,0,0,0,0,0,0,0,0,0,0,0,0,0,0.0281406,0,0,0.0986875,0.237031,0,0,0,0,0,0.0515229,0.0427189,0.145595,0.0473327,0.181042,0,0.138526,0,0.0583871,0,0,0,0,0,0,0,0,0,0,0,0,0,0,0,0,0,0,0,0,0,0,0,0,0,0,0,0,0,0,0,0,0,0,0,0,0,0,0}:
{0,97,0,0,0,0,0,0,0,0,0,0,0,0,0,0,0,0,0,0,0,0,0,0,0,0,0,0,0,0,0,0,0,0,0,0,0,0,0,0,0,0,0.0923507,0.0864788,0,0.296062,0,0,0.0778495,0,0.127742,0,0,0.0854378,0.179598,0,0,0,0.0422108,0,0,0,0,0.0864788,0,0,0,0,0,0.0686647,0,0,0,0,0,0,0,0,0,0.169086,0,0,0,0,0,0,0,0,0,0,0,0,0,0,0,0,0,0,0,0}:
{0,97,0,0,0,0,0,0,0,0,0,0,0,0,0,0,0,0,0,0,0,0,0,0,0,0,0,0,0,0,0,0,0,0,0,0,0,0,0,0,0,0,0,0,0,0.0986875,0,0.0722267,0,0.0336807,0.0389248,0,0,0,0,0,0,0.0348546,0.138526,0.294006,0,0,0,0,0,0,0.0642528,0.353571,0,0,0,0.169086,0,0,0,0,0,0,0,0,0,0,0,0,0.0445511,0,0,0,0,0,0,0,0,0,0,0,0,0,0,0}:
{0,97,0,0,0,0,0,0,0,0,0,0,0,0,0,0,0,0,0,0,0,0,0,0,0,0,0,0,0,0,0,0,0,0,0,0,0,0,0,0,0,0,0,0,0,0,0,0,0,0,0.0389248,0.0864788,0,0,0.0340034,0,0.0551661,0,0.0422108,0,0.191613,0,0.621339,0,0,0,0,0,0,0.0686647,0,0,0.0673614,0,0,0,0,0,0.2,0,0,0,0,0.00909777,0,0,0,0,0,0,0,0,0,0,0,0,0,0,0,0}:
{0,97,0,0,0,0,0,0,0,0,0,0,0,0,0,0,0,0,0,0,0,0,0,0,0,0,0,0,0,0,0,0,0,0,0,0,0,0,0,0,0,0,0,0,0,0.0300715,0,0,0,0.0336807,0.255484,0,0,0.0427189,0.111591,0,0.181042,0.149239,0.138526,0,0,0,0.378661,0.0864788,0,0,0.210863,0,0,0,0,0,0,0,0,0,0,0,0,0,0,0,0.0117724,0,0,0,0,0,0,0,0,0,0,0,0,0,0,0,0,0}:
{0,97,0,0,0,0,0,0,0,0,0,0,0,0,0,0,0,0,0,0,0,0,0,0,0,0,0,0,0,0,0,0,0,0,0,0,0,0,0,0,0,0,0,0,0,0,0,0,0.255484,0.0336807,0.127742,0,0,0,0,0,0.0551661,0.114385,0,0.0686647,0.0583871,0,0,0,0.0642528,0.0673614,0,0,0,0,0.0972596,0,0,0,0,0,0,0,0,0,0,0,0,0,0,0,0,0,0,0,0,0,0,0,0,0,0,0,0,0}:
{0,97,0,0,0,0,0,0,0,0,0,0,0,0,0,0,0,0,0,0,0,0,0,0,0,0,0,0,0,0,0,0,0,0,0,0,0,0,0,0,0,0,0,0,0,0,0,0,0,0,0.0389248,0.0864788,0,0.140194,0,0.155335,0.0551661,0.0697093,0,0,0,0,0,0,0,0,0,0,0,0,0.0972596,0.220609,0.0673614,0,0,0,0,0,0,0.0515229,0,0.166667,0,0,0,0,0,0,0,0,0,0,0,0,0,0,0,0,0,0}:
{0,97,0,0,0,0,0,0,0,0,0,0,0,0,0,0,0,0,0,0,0,0,0,0,0,0,0,0,0,0,0,0,0,0,0,0,0,0,0,0,0,0,0,0,0,0,0,0,0,0,0,0,0,0,0,0.202667,0,0,0,0.0686647,0.0583871,0,0,0,0,0,0,0,0,0,0,0,0.288426,0,0,0,0,0,0,0,0,0,0,0.00909777,0,0,0,0,0,0,0,0,0,0,0,0,0,0,0,0}:
{0,97,0,0,0,0,0,0,0,0,0,0,0,0,0,0,0,0,0,0,0,0,0,0,0,0,0,0,0,0,0,0,0,0,0,0,0,0,0,0,0,0,0,0,0,0,0,0,0.0389248,0,0,0.283803,0.338172,0,0,0.155335,0,0,0,0.0686647,0,0,0,0.0864788,0.210863,0.0673614,0,0.107738,0.0722267,0,0,0,0,0,0,0.174142,0,0,0,0.0515229,0,0,0.0386341,0,0,0.0812141,0.0139542,0,0,0,0,0,0,0,0,0,0,0,0,0}:
{0,97,0,0,0,0,0,0,0,0,0,0,0,0,0,0,0,0,0,0,0,0,0,0,0,0,0,0,0,0,0,0,0,0,0,0,0,0,0,0,0,0,0,0,0,0,0,0,0,0,0.127742,0,0,0,0,0.0946653,0,0.228769,0.0422108,0,0.191613,0,0,0,0,0,0,0,0,0.225341,0,0,0,0,0,0,0.0551661,0,0,0,0,0,0,0.00909777,0.0135753,0,0,0,0,0,0,0,0,0,0,0,0,0,0,0}:
{0,97,0,0,0,0,0,0,0,0,0,0,0,0,0,0,0,0,0,0,0,0,0,0,0,0,0,0,0,0,0,0,0,0,0,0,0,0,0,0,0,0,0,0,0,0,0,0,0,0,0.0389248,0,0,0.140194,0,0,0,0,0,0,0,0,0,0,0.0642528,0,0.0642528,0,0,0,0.319183,0,0,0.178271,0,0,0,0,0,0,0,0,0.0117724,0.00909777,0,0,0,0,0,0,0,0,0,0,0,0,0,0,0,0}:
{0,97,0,0,0,0,0,0,0,0,0,0,0,0,0,0,0,0,0,0,0,0,0,0,0,0,0,0,0,0,0,0,0,0,0,0,0,0,0,0,0,0,0,0,0,0,0,0,0.0389248,0,0,0,0,0,0,0,0,0.0348546,0,0,0,0,0,0,0,0,0,0.107738,0,0.0686647,0.0972596,0.220609,0,0,0,0,0,0,0,0,0,0,0,0,0.0445511,0,0,0,0,0,0,0,0,0,0,0,0,0,0,0}:
{0,97,0,0,0,0,0,0,0,0,0,0,0,0,0,0,0,0,0,0,0,0,0,0,0,0,0,0,0,0,0,0,0,0,0,0,0,0,0,0,0,0,0,0,0,0,0,0,0,0,0,0,0,0,0,0,0.236208,0.0348546,0,0.225341,0,0,0,0.283803,0,0,0,0,0,0,0,0,0,0,0,0,0,0,0,0,0,0,0,0,0,0.0247471,0,0,0,0,0,0,0,0,0,0,0,0,0,0}:
{0,97,0,0,0,0,0,0,0,0,0,0,0,0,0,0,0,0,0,0,0,0,0,0,0,0,0,0,0,0,0,0,0,0,0,0,0,0,0,0,0,0,0,0,0,0,0,0,0,0,0,0,0,0,0,0,0,0,0.0422108,0.0686647,0,0,0,0,0.128506,0,0.0642528,0,0.237031,0,0,0.169086,0,0,0.25,0.0530636,0,0,0,0,0,0,0,0.00909777,0,0,0,0,0,0,0,0,0,0,0,0,0,0,0,0}:
{0,97,0,0,0,0,0,0,0,0,0,0,0,0,0,0,0,0,0,0,0,0,0,0,0,0,0,0,0,0,0,0,0,0,0,0,0,0,0,0,0,0,0,0,0,0,0,0,0,0,0,0,0,0,0,0,0,0,0,0,0,0,0,0.0864788,0,0,0.0642528,0,0.0722267,0,0.194519,0.169086,0,0,0,0.0530636,0,0.128506,0,0,0,0.166667,0.0235447,0,0,0,0,0,0,0,0,0,0,0,0,0,0,0,0,0}:
{0,97,0,0,0,0,0,0,0,0,0,0,0,0,0,0,0,0,0,0,0,0,0,0,0,0,0,0,0,0,0,0,0,0,0,0,0,0,0,0,0,0,0,0,0,0,0,0,0,0,0,0,0,0,0,0,0,0,0,0,0,0,0,0,0,0.221064,0.210863,0.107738,0,0.0686647,0,0,0,0,0,0,0.0551661,0,0,0,0,0,0,0,0.0135753,0,0,0,0,0,0,0,0,0,0,0,0,0,0,0}:
{0,97,0,0,0,0,0,0,0,0,0,0,0,0,0,0,0,0,0,0,0,0,0,0,0,0,0,0,0,0,0,0,0,0,0,0,0,0,0,0,0,0,0,0,0,0,0,0,0,0,0,0,0,0,0,0,0,0,0,0.0686647,0.191613,0,0,0,0,0,0.0642528,0,0,0.0686647,0,0,0,0,0,0.0530636,0,0.210863,0,0,0,0,0.0117724,0.0298567,0,0,0,0,0,0,0,0,0,0,0,0,0,0,0,0}:
{0,97,0,0,0,0,0,0,0,0,0,0,0,0,0,0,0,0,0,0,0,0,0,0,0,0,0,0,0,0,0,0,0,0,0,0,0,0,0,0,0,0,0,0,0,0,0,0,0,0,0,0,0,0,0,0.0473327,0,0,0,0,0,0,0,0,0,0,0.0642528,0,0.237031,0.137329,0,0,0,0.0543218,0,0,0.110332,0,0,0,0.0603736,0,0.0235447,0,0,0,0,0,0,0,0,0,0,0,0,0,0,0,0,0}:
{0,97,0,0,0,0,0,0,0,0,0,0,0,0,0,0,0,0,0,0,0,0,0,0,0,0,0,0,0,0,0,0,0,0,0,0,0,0,0,0,0,0,0,0,0,0,0,0,0,0,0,0,0,0,0,0,0,0,0,0,0,0,0,0,0.0642528,0,0,0,0,0.294006,0.0972596,0,0.221064,0,0,0.174142,0.181042,0,0,0,0,0,0,0,0,0,0,0,0,0,0,0,0,0,0,0,0,0,0,0}:
{0,97,0,0,0,0,0,0,0,0,0,0,0,0,0,0,0,0,0,0,0,0,0,0,0,0,0,0,0,0,0,0,0,0,0,0,0,0,0,0,0,0,0,0,0,0,0,0,0,0,0,0,0,0,0,0,0,0,0,0,0,0,0,0,0,0.0673614,0.0642528,0,0.309258,0,0,0,0,0,0.25,0,0,0,0,0,0,0,0.0386341,0.0181955,0,0,0,0,0,0,0,0,0,0,0,0,0,0,0,0}:
{0,97,0,0,0,0,0,0,0,0,0,0,0,0,0,0,0,0,0,0,0,0,0,0,0,0,0,0,0,0,0,0,0,0,0,0,0,0,0,0,0,0,0,0,0,0,0,0,0,0,0,0,0,0,0,0,0,0,0,0,0.0583871,0,0,0,0,0,0,0.107738,0,0,0,0,0,0.178271,0,0.0530636,0,0,0,0.169086,0,0,0.0386341,0.00909777,0,0.0247471,0,0,0,0,0,0,0,0,0,0,0,0,0,0}:
{0,97,0,0,0,0,0,0,0,0,0,0,0,0,0,0,0,0,0,0,0,0,0,0,0,0,0,0,0,0,0,0,0,0,0,0,0,0,0,0,0,0,0,0,0,0,0,0,0,0,0,0,0,0,0,0,0,0,0,0,0,0,0,0,0.0642528,0.0673614,0,0,0,0,0,0,0,0.178271,0,0.0530636,0,0,0.4,0,0.0603736,0,0.0470894,0.0389545,0,0,0,0,0,0,0,0,0,0,0,0,0,0,0,0}:
{0,97,0,0,0,0,0,0,0,0,0,0,0,0,0,0,0,0,0,0,0,0,0,0,0,0,0,0,0,0,0,0,0,0,0,0,0,0,0,0,0,0,0,0,0,0,0,0,0,0,0,0,0,0,0,0,0.0551661,0,0,0,0,0.189331,0,0.283803,0.275115,0.221064,0.0642528,0,0.0722267,0,0.0972596,0.0515229,0.134723,0.178271,0,0.28027,0.0551661,0.467874,0.2,0.389695,0.241494,0.5,0.132813,0.0545866,0.0852771,0,0,0.0689502,0,0.0220221,0,0,0,0,0,0,0,0,0,0}:
{0,97,0,0,0,0,0,0,0,0,0,0,0,0,0,0,0,0,0,0,0,0,0,0,0,0,0,0,0,0,0,0,0,0,0,0,0,0,0,0,0,0,0,0,0,0,0,0,0,0,0,0,0,0,0,0,0,0,0,0,0,0,0,0,0,0,0,0.107738,0,0,0,0,0,0.232593,0.25,0.106127,0.362085,0.192758,0.2,0.169086,0.517011,0.166667,0.411707,0.284343,0.160804,0.0494941,0.0597487,0.0322064,0.0776673,0.0220221,0,0,0.0131143,0,0,0,0,0,0,0}:
{0,97,0,0,0,0,0,0,0,0,0,0,0,0,0,0,0,0,0,0,0,0,0,0,0,0,0,0,0,0,0,0,0,0,0,0,0,0,0,0,0,0,0,0,0,0,0,0,0,0,0,0,0,0,0,0,0,0,0,0,0,0,0,0,0,0,0,0,0,0,0,0,0,0,0,0,0,0,0,0,0.0603736,0,0.171447,0.384418,0.408985,0.540607,0.340606,0.154004,0,0.0440443,0.0503898,0,0,0,0,0,0,0,0,0}:
{0,97,0,0,0,0,0,0,0,0,0,0,0,0,0,0,0,0,0,0,0,0,0,0,0,0,0,0,0,0,0,0,0,0,0,0,0,0,0,0,0,0,0,0,0,0,0,0,0,0,0,0,0,0,0,0,0,0,0,0,0,0,0,0,0,0,0,0,0,0,0,0,0,0,0,0,0,0,0,0,0,0,0,0.105202,0.228681,0.279191,0.48408,0.250623,0.172333,0.232632,0.165367,0.0325833,0.038217,0.0448314,0,0,0,0,0,0}:
{0,97,0,0,0,0,0,0,0,0,0,0,0,0,0,0,0,0,0,0,0,0,0,0,0,0,0,0,0,0,0,0,0,0,0,0,0,0,0,0,0,0,0,0,0,0,0,0,0,0,0,0,0,0,0,0,0,0,0,0,0,0,0,0,0,0,0,0,0,0,0,0,0,0,0,0,0,0,0,0,0,0,0,0,0,0,0.101611,0.409164,0.398666,0.430831,0.251949,0.213861,0.0199806,0,0,0,0,0,0,0}:
{0,97,0,0,0,0,0,0,0,0,0,0,0,0,0,0,0,0,0,0,0,0,0,0,0,0,0,0,0,0,0,0,0,0,0,0,0,0,0,0,0,0,0,0,0,0,0,0,0,0,0,0,0,0,0,0,0,0,0,0,0,0,0,0,0,0,0,0,0,0,0,0,0,0,0,0,0,0,0,0,0,0,0,0,0,0,0,0.0850534,0.351334,0.176177,0.215757,0.269847,0.081556,0,0.0157776,0,0,0,0,0}:
{0,97,0,0,0,0,0,0,0,0,0,0,0,0,0,0,0,0,0,0,0,0,0,0,0,0,0,0,0,0,0,0,0,0,0,0,0,0,0,0,0,0,0,0,0,0,0,0,0,0,0,0,0,0,0,0,0,0,0,0,0,0,0,0,0,0,0,0,0,0,0,0,0,0,0,0,0,0,0,0,0,0,0,0,0,0,0,0,0,0.0722715,0.316537,0.483708,0.197951,0.0104703,0,0,0,0,0,0};
>
